1251 2106
43 26 -8 25 65 -15 -9 66 -60 -64 -58 -31 -59 -18 61 47 61 -17 57 -55 60 -83 1 28 -44 -64 5 87 -6 95 58 -17 47 -44 24 -49 79 -90 55 64 28 -24 -31 -53 -44 -22 100 -97 86 30 -2 -7 -21 -15 -52 51 54 -89 -65 33 38 72 -36 51 -8 -60 -47 51 -68 -27 -18 -100 25 81 -15 -10 84 -90 -19 -48 97 -36 -99 -55 42 10 48 28 88 27 63 81 -72 84 -42 13 42 -4 13 -81 -51 -74 8 14 -10 -60 -57 7 -62 -38 37 -81 -90 29 -20 -15 99 -93 -22 96 -84 76 -47 -70 -97 -34 50 8 72 65 -63 82 52 83 -71 -29 -60 17 -97 17 62 78 65 5 -98 -45 -79 94 2 -81 23 11 27 -25 7 -92 86 83 8 -80 -46 3 -24 -21 75 1 -61 -98 -87 -47 52 24 -37 49 80 45 -80 6 -70 -54 51 98 -96 -12 -60 20 84 -95 -19 76 36 -87 81 37 37 1 -81 -56 -68 -71 -29 66 72 98 28 -62 -80 3 53 41 21 10 71 -98 -30 7 -64 39 -32 -67 -57 66 -86 -12 -54 60 -84 38 -58 -9 79 69 52 76 70 1 37 -90 69 81 -2 -40 80 -77 71 99 16 -20 86 -49 19 -58 67 41 53 36 2 -47 96 80 -2 -48 -95 94 87 -86 -5 -44 67 98 66 18 -51 12 -58 2 -38 -94 40 -54 -52 9 36 -14 40 -11 14 74 -96 95 -43 40 -48 -55 31 80 96 5 -47 -83 -47 73 -15 -17 81 -5 66 29 -69 4 71 48 -26 -61 44 -77 -34 21 86 -24 95 38 -59 84 4 -26 79 -64 -18 -84 6 4 99 59 -45 76 74 -86 -58 -68 56 42 -50 41 -61 31 15 -23 24 -92 -74 -5 67 -16 22 47 46 59 12 -97 -71 -18 8 20 -92 -65 -53 2 -50 -16 54 -82 -32 60 -77 -31 -24 100 97 28 -2 -87 63 -94 -78 -90 48 20 75 -66 -27 41 2 -38 17 15 85 -49 -27 13 -20 -31 9 -69 39 -25 83 -53 90 9 39 11 -54 -63 -25 -81 91 27 -3 65 39 -10 -69 -55 77 54 -63 -28 -21 24 -27 14 -46 -14 -3 13 21 -46 -66 -100 29 18 53 -2 81 -62 -78 75 -93 -52 88 -95 24 -3 -38 97 52 -63 41 -11 -100 -62 11 80 75 17 -83 -3 5 -81 29 -22 45 -82 16 -66 -46 35 -6 61 30 73 -68 48 62 53 -100 56 35 -99 -11 -97 18 58 -95 -11 68 12 31 12 10 -45 17 69 29 47 33 -42 -38 67 3 44 5 -32 46 -97 95 37 -46 -88 -77 -10 -5 -97 11 40 68 -25 -20 -95 17 53 -13 -34 -67 89 72 53 89 -38 45 62 -78 90 -21 -46 35 -50 -82 -55 54 -68 63 -93 -56 -8 2 97 -16 49 27 -37 98 63 -22 -32 -40 -86 -20 -16 -79 36 -85 -90 -75 -40 -68 -93 68 -43 -1 89 -55 5 -28 -10 70 -58 -12 56 80 58 -100 -54 -66 43 86 -35 71 53 93 10 22 75 -38 -39 -42 1 -91 -11 71 89 66 77 27 -97 61 -11 83 -36 88 -57 62 -15 -85 40 -75 -6 -88 90 16 -88 20 46 -88 -86 -73 15 74 35 31 -80 -2 26 -56 -81 -27 -22 6 -18 -49 50 -87 -16 -84 -88 -81 -68 24 -50 96 -93 2 -58 95 -62 -1 11 -73 21 21 -84 -5 -44 97 36 7 83 38 24 50 -90 -21 54 -20 30 -71 76 75 -86 85 -15 63 -51 95 89 -47 85 12 3 59 -40 77 18 -18 61 36 -47 43 -67 -16 -63 -49 46 90 -71 -56 -18 -86 -55 -34 -43 -29 -97 80 12 1 81 30 29 -47 -4 68 28 72 -1 97 17 -23 -30 69 -80 15 -93 -56 -17 66 29 -3 58 -46 21 44 -72 82 50 -54 -98 -89 -91 61 80 -56 98 75 33 24 -6 13 18 85 38 -17 -96 -4 -17 25 -23 -98 3 100 -37 10 61 -70 3 92 98 -46 98 -86 -82 26 20 37 9 -69 81 83 -57 -24 -79 21 22 79 77 -22 12 55 48 83 78 -67 27 -61 -70 -6 12 38 97 -9 61 3 -37 82 -42 -21 -17 79 -76 7 -81 61 63 34 22 -49 -10 43 -29 -92 -8 -9 -47 -17 -9 -49 -8 77 -50 -64 47 32 -82 21 92 -19 25 99 80 -95 -63 -66 25 8 58 -25 -3 -28 -47 81 -36 35 -61 -55 22 -78 29 22 98 19 48 -88 -86 94 96 10 -84 -3 97 -67 -38 82 -56 -76 -20 25 2 6 90 -43 51 51 -82 5 -73 11 99 -55 -23 -86 -75 32 24 71 -96 -100 16 -61 22 -87 41 -31 -11 30 -62 -2 96 -52 -5 24 -100 -26 -80 34 -67 -96 6 -42 31 -53 74 -48 51 73 -76 -90 76 57 -79 -54 100 -52 65 -76 -30 1 -78 8 14 -31 -17 9 20 79 12 65 82 13 -15 35 -86 -87 -18 -63 50 26 14 69 -77 81 52 43 -36 -67 -52 -34 59 62 -69 90 94 48 48 69 -73 17 49 -8 87 78 -58 9 -88 -80 -90 7 47 23 81 23 19 49 3 -24 30 -89 33 66 42 -94 34 -83 -100 -35 -91 -74 47 24 -85 49 -52 96 -74 -100 -89 -68 76 1 -44 -91 -95 -4 -15 63 -82 60 48 -35 34 -60 -69 -70 -75 77 59 57 46 81 96 82 -62 61 78 63 21 52 66 66 90 -36 -34 -96 28 20 -56 -9 -11 68 -57 82 31 46 -90 89 39 89 69 -17 -80 -93 31 -84 -40 100 60 57 -91 16 -49 -12 -48 -47 65 -36 -99 -54 -2 -94 95 60 -52 -79 -16 -12 -28 84 -29 -34 -65 -18 -1 49 60 61 66 -42 44 -24 22 -61 -27 -65 -85 35 -19 -32 80 -62 -95 -73 -43 -67 -49 52 100 -24 -93 -88 38 -6 11 -58 99 46 88 21 -39 -96 -20 -61 -66 93 -3 23 -13 23 -27 -69 -47 15 63 -27 -79 -1 50 12 -71 69 -2 71 -64 -4 -86 -51 15 73 22 -91 -63 -87 -53 10 -1 50 63 -59 -84 -74 80 61 99 97 -76 -82 21 -46 61 -71 -4 38 -35 7 90 58 22 5 7 75 -12 80 2 -84 21 -92 -14 93 20 61 -34 -100 -79 -91 -10 80 88 34 92 2 -60 24 82 -4 97 89 81 74 81 70 16 -60
P 226 1074
C 756 -57
P 288 1025
C 127 97
C 1139 -42
P 475 1028
P 527 1074
C 1142 47
C 335 -61
C 774 -65
C 963 54
P 146 1026
P 49 1123
P 47 877
C 423 58
C 7 -38
P 66 847
P 492 680
C 204 -79
C 818 -66
C 548 -18
P 194 978
P 539 572
C 178 -56
P 47 932
C 593 47
P 656 1125
C 481 24
P 77 1095
P 154 989
C 254 47
P 91 1081
P 298 874
P 207 1051
C 350 10
P 47 788
C 22 -21
C 80 -80
P 254 918
P 47 728
P 271 883
P 177 831
P 383 789
C 171 40
P 568 1081
P 61 1111
P 169 1006
P 5 460
P 179 993
C 407 8
P 284 718
P 396 776
P 56 1116
C 522 16
P 187 1125
C 654 -23
C 864 -53
C 575 -32
P 96 1071
P 351 937
C 642 19
P 255 1072
P 526 773
P 145 980
C 339 -87
C 67 -95
P 197 975
P 172 1125
C 848 -37
C 39 -40
C 1074 -24
P 234 938
C 1210 26
P 531 641
C 451 -14
C 150 -4
C 929 76
P 212 1011
P 451 1125
P 47 839
P 221 1125
C 332 99
P 335 837
P 511 661
C 841 -52
C 962 86
P 167 1125
P 122 628
C 492 86
P 169 1003
P 658 1125
P 487 685
P 85 841
P 195 977
P 47 598
P 54 1069
C 133 -73
C 1031 75
P 399 901
C 572 9
P 47 1043
P 880 1022
P 195 1125
P 132 1040
P 101 1071
C 287 -16
P 263 909
P 323 849
C 826 68
P 547 625
C 1072 48
C 170 -71
P 207 965
P 489 1111
P 533 639
P 626 1050
C 44 -10
C 726 -60
P 90 1082
C 62 4
C 643 39
P 164 1008
P 47 897
P 114 850
P 468 704
P 369 803
C 763 67
P 47 906
P 20 588
C 708 -93
P 101 957
P 344 458
P 64 1108
P 455 717
C 49 64
P 47 569
C 838 -36
P 47 889
C 727 -97
P 171 656
P 449 1125
P 210 854
P 526 646
C 949 81
C 1037 43
P 434 946
P 80 1092
P 48 247
C 482 35
C 1207 -38
P 276 896
C 878 2
P 417 755
P 367 1027
C 964 13
C 985 -37
P 310 862
C 510 61
P 438 1125
P 180 992
P 245 957
P 171 868
C 898 61
P 7 95
P 271 901
C 769 -39
P 289 965
P 289 676
P 429 743
P 225 947
P 579 593
P 108 986
P 649 1125
P 241 931
C 211 -81
C 285 -79
P 47 957
P 259 913
C 243 44
P 350 1077
C 1163 -18
C 528 -89
P 187 985
C 483 73
P 196 976
P 149 1023
C 468 -31
P 240 1125
P 388 852
P 135 1037
C 1084 39
C 1017 -52
P 389 783
C 685 16
P 338 834
P 219 953
P 118 620
P 113 715
P 378 794
P 84 917
P 72 667
P 322 846
P 201 1125
P 391 1125
P 940 1081
C 492 -98
C 714 -83
C 931 -3
P 336 1125
P 494 678
C 37 -41
C 387 -87
P 520 652
P 378 888
P 859 1166
C 5 -36
P 370 939
C 1150 59
P 531 1037
P 213 1125
P 413 1125
P 220 952
P 355 1017
P 66 568
C 60 -30
P 182 974
P 240 932
P 480 1125
P 649 1072
P 488 1125
P 587 1125
P 133 1172
P 308 864
P 518 654
C 183 66
P 186 312
P 581 1060
P 47 1002
P 228 944
P 367 805
P 643 1125
C 672 -34
P 47 527
P 496 676
P 392 1089
P 319 853
P 114 958
P 69 1027
P 221 1006
P 451 721
P 467 1125
P 415 1125
P 100 757
P 427 745
C 964 1
P 216 956
C 777 -40
C 126 63
P 364 808
P 281 1166
P 302 870
C 560 91
C 569 68
P 455 1125
P 554 618
C 44 2
P 485 687
P 426 746
C 1067 97
C 763 -32
C 1182 49
P 312 860
P 410 762
C 894 -19
P 47 969
C 498 -70
P 481 691
P 47 684
P 151 1021
P 182 990
P 165 1007
P 376 796
P 102 579
P 52 886
C 980 -82
C 1181 33
C 668 -17
P 47 886
C 567 41
C 250 -13
C 767 11
C 1025 -13
P 394 778
C 716 13
P 274 1125
P 123 1049
P 431 741
P 582 590
P 205 967
P 47 899
C 625 81
P 241 956
P 94 936
P 456 716
P 562 610
P 567 605
P 47 917
P 47 727
C 404 -25
P 47 968
P 159 1013
C 241 -85
P 260 1125
C 432 17
C 641 31
C 1236 54
P 264 908
P 391 781
P 450 1125
P 238 934
P 59 786
P 205 835
P 334 937
P 47 922
C 755 -43
P 100 1072
P 776 1104
P 129 802
P 461 1125
P 683 1125
P 126 907
P 496 975
P 47 681
P 127 857
C 526 -30
P 218 982
P 324 1109
P 143 939
P 100 850
P 385 787
C 299 -36
P 377 1125
C 987 -91
P 230 942
P 214 958
P 47 1104
P 47 843
P 588 1075
P 92 921
P 105 1125
P 190 1125
P 68 954
P 173 999
P 462 1114
C 1162 -94
C 264 79
C 829 -50
C 814 -44
P 483 937
P 249 1125
P 560 612
P 47 749
C 1212 83
P 69 1044
C 694 -7
P 80 937
P 420 1125
P 239 1103
P 47 926
C 368 -67
P 54 1118
P 283 889
P 125 1047
C 293 62
C 1024 -81
C 271 29
P 48 932
P 467 705
C 531 -41
C 83 -9
P 335 1125
C 1018 3
P 623 1125
P 533 1085
C 2 -49
P 440 1028
P 47 1068
P 416 756
P 160 1012
C 545 -50
P 142 818
P 458 714
P 89 1083
P 194 1125
P 265 907
P 532 640
C 378 33
C 6 -89
P 116 1056
C 9 96
C 219 49
C 718 -84
P 430 1119
P 301 1057
C 24 -5
P 121 1051
P 438 734
C 1224 22
P 224 948
C 415 -51
P 244 845
P 47 528
P 98 968
P 154 1018
C 1215 -77
P 459 1125
P 182 1125
P 92 841
P 79 1059
P 413 1042
C 202 -47
P 506 666
P 94 1078
C 906 -68
C 768 -10
C 1001 -9
P 138 1034
P 324 848
P 47 506
P 272 712
P 220 1019
P 208 1125
P 206 966
C 922 37
C 480 50
P 119 926
C 745 -17
P 60 927
P 86 1086
C 582 -48
C 1242 -85
P 117 1125
P 421 1081
P 243 929
P 1144 1177
C 773 42
C 274 -80
C 830 -91
P 354 401
P 416 1125
C 238 67
P 84 1125
P 209 1072
C 698 -26
P 357 1125
C 645 -69
P 213 642
P 394 1125
C 891 -22
C 992 -24
C 1086 -24
P 223 1125
C 215 53
P 170 1125
P 47 704
P 395 777
P 419 1092
P 289 883
C 19 58
P 198 836
P 106 1066
P 376 901
C 379 26
P 232 940
P 136 1072
P 47 1015
P 487 1125
P 244 675
C 1192 -74
P 298 1057
P 260 912
C 992 35
P 337 835
C 120 -34
P 523 649
P 68 1088
P 99 1073
C 294 88
C 274 29
C 272 -97
C 1 34
P 58 738
P 375 1125
P 211 1017
C 570 -70
P 134 583
C 1231 54
P 192 422
P 565 1125
P 429 1056
P 251 1116
C 607 -90
P 569 603
P 133 806
P 495 1125
C 799 -19
P 406 766
P 136 1036
C 259 73
P 137 1079
C 590 62
P 58 1114
P 323 758
P 359 813
P 47 961
C 1172 -49
P 542 1071
C 1099 94
P 281 1125
P 68 1104
P 491 681
P 116 1107
C 399 82
P 69 1103
C 44 -62
P 47 902
C 1110 21
C 1177 81
C 1076 -75
C 752 77
C 474 -67
P 47 510
P 281 891
P 420 752
C 949 94
P 175 997
P 437 1067
P 513 659
C 4 0
C 126 -32
P 211 998
P 318 789
C 200 91
P 242 1125
P 500 1125
P 223 930
C 509 -16
C 700 7
P 275 1125
C 78 -77
P 47 757
P 147 1119
C 629 -97
C 939 -57
C 1038 -28
P 278 1125
P 486 1125
P 131 960
C 1109 -70
C 574 49
P 47 725
P 173 1125
C 15 65
P 178 994
P 134 1038
P 207 1125
P 335 983
C 732 69
P 338 1084
C 726 89
C 782 78
C 114 -55
C 1028 6
P 413 1052
P 639 1125
P 515 657
C 739 -40
P 86 931
P 261 911
P 83 1089
P 574 598
P 47 931
P 291 881
P 399 773
P 486 921
P 47 795
P 743 1211
C 812 -52
P 305 1125
C 102 48
P 284 888
P 47 714
C 712 18
P 47 921
C 182 2
P 48 822
P 70 513
C 826 35
P 522 650
C 246 99
C 1039 26
C 1132 4
P 544 628
P 47 900
C 1207 -22
P 460 1125
P 404 1125
P 47 732
P 372 800
C 174 17
P 246 775
P 336 836
P 449 983
C 1025 -42
P 250 922
C 809 12
C 159 -18
C 760 62
P 47 682
P 148 825
P 293 879
C 1224 5
P 47 962
P 245 927
P 189 983
P 47 930
P 559 1099
P 484 688
C 670 -91
C 1004 70
C 53 -90
P 47 905
P 47 980
P 47 540
P 47 951
P 419 1125
P 1119 1134
P 147 1029
C 130 77
C 241 -71
P 138 1125
C 1064 51
P 60 913
C 676 43
P 164 724
C 251 97
P 419 753
C 1186 -95
P 411 761
P 82 1021
P 344 784
P 361 811
C 1192 14
P 226 946
P 155 1017
P 290 882
C 91 -27
P 345 827
P 131 1041
C 933 36
C 30 -91
P 502 670
C 606 26
C 272 95
P 512 660
P 47 941
P 47 984
C 1188 18
P 295 1013
P 385 1021
P 57 432
C 1096 14
P 248 924
P 213 742
C 153 -91
C 431 -31
C 1191 -55
P 47 908
C 632 81
P 47 829
P 80 1043
P 191 997
C 1084 -51
P 482 690
P 191 1125
P 198 974
C 160 87
C 712 31
P 262 938
P 126 992
P 68 914
C 785 -76
P 215 638
C 672 71
P 142 831
C 1174 69
P 287 885
C 81 73
C 56 11
P 639 752
P 96 778
C 461 -2
P 206 1002
P 431 1125
P 373 799
C 824 46
C 1044 -70
P 538 634
P 425 747
P 361 1056
P 561 611
P 264 1040
P 520 1125
C 39 53
C 452 -68
P 110 1120
P 122 1050
C 356 74
P 228 994
P 166 1080
P 201 971
P 354 818
P 140 600
P 47 763
P 199 1052
P 584 1011
P 192 742
P 576 596
C 539 21
P 83 977
P 565 607
P 428 744
P 78 739
P 325 847
C 904 25
C 1118 65
P 300 1097
C 603 65
P 481 1059
P 87 1062
C 283 94
C 1020 33
C 1070 -55
P 47 738
P 231 941
C 1117 98
C 468 -37
P 142 622
P 161 1011
P 463 709
P 201 1079
P 47 998
P 70 824
P 247 925
P 330 842
C 287 17
C 460 -47
P 124 906
P 424 934
P 47 794
P 295 1125
P 178 431
P 273 774
P 671 1125
C 1210 7
C 533 45
P 280 892
P 104 1068
P 153 348
C 449 57
C 231 -84
P 415 757
C 112 -9
P 368 804
C 129 35
P 474 997
P 203 1056
C 754 85
P 193 979
P 509 663
C 811 -28
P 493 679
C 570 100
P 404 1039
P 398 1003
P 148 1024
P 47 915
C 738 38
C 547 -11
P 168 1004
C 5 58
P 542 630
C 598 27
P 449 723
P 601 1220
P 47 1057
C 76 62
P 343 829
P 247 1125
P 346 826
P 989 1039
P 512 947
P 229 967
C 834 100
P 240 934
C 702 -9
P 382 790
P 97 1075
P 303 869
P 139 1033
C 99 28
P 349 1083
P 432 1105
P 278 938
P 510 662
C 143 40
C 831 69
P 243 738
P 543 1038
C 805 -75
C 1035 86
P 654 1085
P 244 1224
P 418 754
P 269 903
C 651 -94
P 98 1054
P 145 843
P 505 667
P 478 1047
C 469 15
C 784 66
P 539 633
C 2 -3
C 284 -36
P 457 1125
P 316 856
P 264 1125
P 570 1084
C 907 28
P 285 916
P 47 881
P 47 724
C 1208 85
P 216 1023
P 514 658
P 440 1033
P 122 1125
P 302 934
P 430 742
C 1156 -33
P 477 1125
C 1087 9
P 326 846
P 393 779
P 47 753
C 1203 -36
P 240 954
P 108 1064
P 318 854
C 407 84
C 1024 3
P 327 1125
P 186 986
P 47 610
C 808 10
P 442 730
C 343 -62
P 392 780
C 377 -93
C 298 73
P 129 1125
P 352 1024
P 129 1043
P 382 1125
C 781 23
C 1093 -94
P 388 805
C 325 89
P 48 674
C 357 5
C 773 98
P 188 984
P 299 970
C 1084 10
P 299 1233
P 47 520
P 566 606
P 530 642
P 104 752
P 47 747
C 1244 -41
P 328 1075
C 1244 36
P 414 758
C 621 -83
P 145 1027
P 62 1032
P 556 616
C 858 -33
C 1072 81
P 578 594
P 204 968
P 47 973
C 678 -19
C 1148 -71
P 55 1117
C 34 12
P 227 1076
P 548 991
C 11 8
P 82 1090
C 240 81
P 66 1106
P 330 1125
C 653 44
P 351 1125
P 540 632
C 863 82
C 1155 39
C 940 -34
P 535 1084
C 961 23
P 321 851
P 190 982
P 564 608
P 69 1066
P 423 749
C 1188 100
C 1032 35
P 47 729
P 654 1234
P 47 690
P 176 933
P 155 1025
P 85 735
C 744 56
C 898 -37
P 482 1125
C 271 20
P 47 731
C 382 -39
P 148 579
P 521 651
P 156 1015
P 217 1125
C 682 -62
C 633 34
C 803 6
C 731 63
C 1124 81
P 71 1101
P 440 1043
P 546 626
C 119 38
C 902 -73
C 450 -33
P 59 1076
P 227 945
C 216 -12
P 475 697
P 440 732
P 501 671
C 747 32
P 183 1125
P 168 758
P 140 812
P 47 744
C 543 -66
P 568 604
P 47 898
C 123 -90
C 298 85
C 1057 2
P 559 613
C 69 97
C 552 33
C 495 -43
P 408 1125
C 1186 60
P 47 692
C 430 49
P 255 917
P 570 973
P 268 904
C 688 72
P 172 1009
C 309 -3
P 640 1076
P 47 953
P 186 1002
P 110 982
P 478 1138
P 67 1105
C 809 -8
P 320 748
P 350 1125
C 302 97
P 553 619
P 232 1096
P 50 1032
C 994 65
P 422 750
P 184 816
P 47 589
P 215 957
P 221 951
P 654 1073
C 735 63
P 47 993
P 228 922
P 52 1120
C 33 -31
C 499 -74
C 865 -5
P 419 845
P 47 1034
P 80 609
P 333 839
P 95 1048
P 462 710
P 389 1125
C 135 89
C 1235 -1
P 47 966
P 239 1125
P 190 798
P 272 907
P 47 593
C 125 -69
P 47 535
P 404 1038
P 304 868
C 28 68
P 235 937
C 1208 -94
C 270 -6
P 153 819
P 614 1125
P 47 790
C 1167 -53
P 128 1125
C 835 -66
C 520 -39
P 102 1070
C 324 -27
P 288 884
P 528 644
P 583 1125
P 152 1008
C 679 97
P 476 897
C 18 -71
P 504 668
C 382 -93
C 1161 61
P 273 1043
P 480 692
C 250 36
C 1058 -65
P 374 1051
C 236 16
C 555 -31
P 403 769
P 217 955
P 47 775
C 933 -81
P 47 1055
P 47 715
C 617 95
P 255 1125
P 144 794
C 1231 83
C 869 91
P 452 720
P 144 1028
P 375 797
P 315 734
C 132 43
P 222 950
P 53 662
C 244 48
P 444 728
C 1015 -30
P 434 738
P 128 1044
P 574 1216
P 47 709
C 939 33
C 1114 28
C 939 -38
P 305 867
P 47 789
C 1190 44
C 849 -12
C 1093 68
P 454 718
C 519 65
P 310 926
C 954 -97
P 179 1125
C 144 -97
P 47 947
P 288 778
P 524 648
C 15 77
C 455 52
C 278 -67
C 1047 42
P 113 1059
P 83 594
P 410 1125
P 47 584
P 159 819
P 453 719
C 837 82
P 263 1125
P 137 1035
P 224 1092
C 1089 -81
C 583 36
P 293 992
P 384 788
C 253 98
C 1 79
P 132 430
P 432 740
P 290 1125
C 398 96
P 552 620
P 182 1058
P 318 997
P 893 1093
P 448 724
C 815 -74
P 57 788
P 381 791
P 309 863
C 1005 15
P 536 636
C 538 -15
C 1211 74
C 1096 70
C 539 -4
C 250 -9
P 47 555
C 942 98
C 161 34
C 776 49
P 519 653
P 387 785
P 377 795
P 936 982
P 47 822
P 358 814
C 993 -48
P 126 1046
P 47 1125
P 408 764
C 913 98
P 95 1024
C 410 -99
C 1192 -26
C 756 48
C 398 1
C 296 -28
P 380 792
P 272 1125
P 74 1098
P 395 847
C 981 13
C 176 83
P 109 851
P 296 463
P 226 1125
P 47 699
P 447 725
P 433 739
P 11 184
C 1133 -17
P 477 695
P 261 1125
P 52 768
P 246 1125
P 101 734
C 1175 67
C 713 34
C 611 30
C 473 10
C 101 92
C 469 -39
P 250 1085
P 237 1068
C 1119 -100
P 244 1125
P 185 1125
C 900 16
P 47 986
P 133 1039
C 61 23
C 1055 -27
P 47 960
P 47 982
P 176 996
C 479 -52
P 47 1070
P 297 875
P 47 1011
P 386 1125
P 269 1083
C 563 -19
C 515 -7
P 227 972
C 1135 0
P 352 820
P 47 774
P 295 734
C 65 99
C 646 -57
C 892 -89
P 89 853
P 258 1125
C 1218 -72
C 434 77
P 259 1125
P 47 764
P 299 873
P 535 637
P 311 1125
P 112 770
C 963 11
P 388 784
P 356 1015
C 1235 -57
P 141 1031
C 211 55
P 443 729
P 252 904
P 685 1125
P 286 886
C 827 -93
C 538 66
C 110 -57
P 392 1125
P 421 1053
P 547 1089
C 721 44
C 1012 -27
C 1047 -85
P 409 763
C 41 -62
P 47 948
P 581 591
P 471 701
P 363 1125
C 249 35
P 452 1125
P 47 480
P 76 1115
C 322 -71
C 52 -13
P 47 549
P 473 699
P 89 849
P 367 373
P 157 1014
P 211 961
P 51 1121
C 1234 -81
C 165 11
P 488 684
C 1157 -53
P 205 1125
C 394 -67
C 815 -77
P 328 844
P 313 859
P 233 939
P 581 1125
C 182 -65
C 1096 82
P 331 841
C 385 52
C 675 28
C 31 -87
P 365 807
C 797 95
C 200 5
P 495 677
P 436 736
C 440 85
C 302 -6
P 534 638
P 306 866
P 143 1029
P 270 902
C 126 -67
P 350 822
P 292 880
P 166 1006
P 150 1022
P 219 1048
C 915 -29
P 390 782
P 342 1125
P 196 1125
C 5 80
P 205 798
C 1138 -23
C 1193 -71
P 464 708
P 267 1052
P 75 1174
C 203 -21
P 430 1125
P 47 927
C 363 -95
P 391 921
P 50 1122
P 47 734
P 347 825
C 87 -75
P 50 777
C 1031 -24
C 1232 30
P 285 887
P 47 933
P 115 1101
C 825 -100
C 647 12
P 47 970
P 478 694
C 720 -91
P 114 1058
P 72 1100
C 571 -98
P 499 1125
P 26 345
P 329 1125
C 549 -36
C 250 -84
P 420 890
P 224 1125
C 1238 -3
C 348 -68
C 1019 65
P 184 988
P 358 1125
P 479 1125
C 885 69
P 167 1005
P 545 627
P 92 1080
P 218 954
P 105 1067
C 193 10
P 109 1063
P 48 971
P 910 962
C 46 0
C 130 10
P 119 1053
P 443 1125
C 460 -41
P 159 816
P 214 1125
P 224 852
P 68 1096
C 356 83
P 572 600
P 363 809
C 12 -47
P 47 786
P 47 773
C 766 11
P 203 969
P 405 767
C 536 100
P 135 1079
P 319 777
P 460 712
P 183 989
P 459 713
P 95 1077
P 223 949
P 325 965
C 58 -41
P 60 1112
C 487 34
C 151 98
C 956 89
P 503 669
C 115 -44
C 808 15
C 235 96
C 539 34
P 160 954
C 323 70
C 636 -46
P 251 921
P 269 760
P 47 891
P 210 962
P 117 971
P 384 1125
C 794 -2
P 254 922
P 977 1174
P 274 898
C 612 81
P 118 1125
P 133 1108
P 47 882
P 81 1091
P 197 852
C 1061 -100
P 53 1119
P 47 830
P 171 1001
P 217 1033
P 571 601
C 88 -79
P 485 1125
P 558 614
P 162 248
P 47 572
P 201 883
C 7 12
P 362 810
P 98 863
C 900 71
P 76 1096
C 548 -88
C 799 -97
P 93 1079
P 99 911
C 1015 83
P 483 689
C 970 50
P 923 1100
C 204 -40
C 261 32
P 68 1012
P 63 1113
P 585 587
P 174 1125
P 47 884
P 237 1111
C 365 35
C 826 -96
P 1004 1057
C 923 26
C 320 64
C 382 -4
P 161 1023
C 1073 -55
C 64 51
P 374 798
P 140 991
C 475 -48
P 470 702
P 563 1100
P 107 987
C 805 -5
C 1132 56
P 47 675
C 373 76
P 315 857
C 735 -59
P 88 1084
C 1110 -14
P 48 570
C 464 46
P 148 968
P 470 1070
C 954 -7
P 152 1020
P 140 1032
P 47 739
P 147 927
C 469 44
C 594 75
P 275 897
P 684 1125
C 124 -43
P 146 1029
P 468 1125
P 47 967
C 910 -100
P 293 907
P 273 899
C 368 -35
P 301 871
C 1000 71
P 47 934
C 96 -80
P 386 786
P 379 1125
C 190 16
C 528 -55
P 682 721
P 529 643
P 295 877
P 113 1021
C 998 -42
C 496 -9
C 341 58
P 56 605
C 35 -34
P 446 726
P 447 1103
C 250 -99
P 530 1122
C 788 -74
C 104 93
C 1126 0
C 1229 45
P 218 654
C 505 7
C 1201 53
P 220 1125
C 310 -10
P 177 995
P 332 1015
P 559 1124
C 1168 -58
P 350 1147
P 194 689
P 172 1000
P 118 1054
P 289 1125
P 193 1064
P 339 833
P 557 615
P 47 717
C 155 94
P 371 801
P 469 1125
P 402 892
P 53 584
P 357 815
P 348 824
P 236 936
P 439 733
P 98 1074
P 79 810
P 580 592
C 750 -70
C 31 27
C 239 12
P 434 1125
P 47 1010
C 559 -39
P 242 930
P 156 1016
P 498 674
C 145 -91
C 153 -7
C 300 74
C 503 94
P 99 1066
C 781 -45
C 144 85
P 169 1125
P 47 765
P 47 766
C 568 -39
P 327 845
P 421 751
P 170 1002
C 720 69
C 691 45
C 666 56
P 478 1125
P 548 624
P 212 960
P 85 648
C 153 77
P 63 1109
P 119 1076
P 266 1125
P 298 1125
P 224 938
C 88 -29
P 48 1124
C 1148 95
P 646 1125
C 181 30
P 47 828
C 1017 99
P 465 707
C 551 46
C 342 -17
P 500 672
P 158 1014
P 243 927
P 153 1019
C 1198 -10
P 351 821
P 317 855
P 356 816
C 89 7
P 47 698
P 287 980
P 450 722
P 366 806
P 476 696
P 428 941
P 124 1048
P 47 494
C 1020 -78
P 111 1061
C 136 -49
P 497 675
P 175 1125
P 47 991
P 320 852
C 1174 -60
P 47 783
P 310 1125
P 282 890
P 435 737
C 911 -69
C 140 49
P 47 484
P 442 1125
P 47 688
C 629 -70
C 210 -50
C 609 95
P 244 928
C 762 -19
P 550 622
C 379 37
P 553 1016
P 517 655
P 161 1109
C 642 55
P 508 664
C 289 -58
C 137 -8
P 47 770
P 503 1059
C 270 -32
P 96 466
P 337 779
C 985 98
P 181 991
P 166 1125
C 501 55
P 263 857
C 615 37
C 822 -92
P 349 1019
C 22 91
P 486 686
P 277 895
P 122 1123
P 70 1102
P 286 1125
P 142 620
P 259 457
C 861 93
P 563 609
P 325 1125
C 598 -55
P 577 595
C 62 -52
P 79 1093
P 47 780
C 741 71
C 1116 89
P 47 693
P 130 1042
P 283 1008
P 108 1068
C 697 -40
P 239 933
P 74 727
P 183 214
P 472 700
C 98 31
P 209 729
P 200 972
P 77 1065
C 243 63
C 721 45
P 480 1039
P 70 951
P 540 1005
C 801 -83
P 47 707
P 499 673
P 407 765
P 441 1125
P 292 857
P 507 665
P 296 876
C 142 -36
P 279 1125
C 204 46
P 87 1085
C 575 36
P 70 915
C 830 25
P 332 840
P 158 1125
P 153 1068
P 279 893
P 47 781
C 937 88
P 150 939
C 101 -49
P 413 759
P 383 1125
P 65 1107
P 47 911
C 539 -66
P 85 997
P 185 819
P 234 758
C 948 -34
C 418 -23
P 47 570
P 47 869
C 141 -69
P 62 1110
P 179 1079
C 647 11
P 47 987
P 479 693
P 599 1125
P 47 700
P 349 823
P 213 959
C 146 11
P 47 812
P 47 712
P 218 817
P 66 809
P 197 1125
P 549 623
C 328 -92
P 445 727
P 47 737
C 203 -26
P 282 1125
P 441 731
P 512 1057
P 329 843
C 451 -3
C 862 -88
C 986 -69
P 402 770
P 469 703
P 117 955
P 262 1125
P 47 994
P 103 1069
P 278 894
C 458 -18
C 1091 89
P 412 852
P 314 981
P 433 1125
P 527 645
P 262 910
C 57 38
P 401 771
P 47 945
P 112 1060
P 57 1115
C 190 11
P 163 1009
P 13 1177
P 229 943
P 249 923
C 127 -50
C 1075 86
P 96 939
C 284 -22
C 1086 -83
C 1127 -34
P 257 1086
C 1079 93
P 193 1125
P 267 905
P 607 1125
P 298 1020
P 59 1113
P 341 831
C 509 -83
P 355 817
C 882 -77
C 47 96
C 191 75
P 476 1125
P 199 973
P 168 1125
C 1205 -34
C 716 -7
P 457 715
C 951 -56
C 755 -66
P 252 920
C 793 64
C 4 88
C 894 85
C 23 12
P 183 1105
C 1128 -18
P 122 962
P 55 805
C 329 -33
C 571 -14
C 201 55
P 363 1118
C 785 -6
P 129 926
P 345 1070
P 309 1069
P 119 1102
P 344 828
P 307 1125
P 531 973
P 258 914
P 191 981
P 138 540
P 122 969
P 143 663
P 208 964
C 704 -68
P 380 1125
P 209 963
P 334 838
C 1169 86
P 634 1062
C 764 -76
C 1123 -3
P 74 676
C 1145 -49
P 47 743
P 283 1125
C 866 -71
P 107 1065
P 105 892
C 394 27
C 989 56
P 612 1125
C 262 -67
P 47 590
P 621 1125
C 4 -73
C 106 -43
P 84 850
P 342 830
P 256 916
P 186 1125
P 314 858
C 63 -86
C 1045 -42
P 584 588
C 973 -15
P 489 683
P 50 1125
C 226 90
P 47 720
P 294 878
C 1223 -72
C 29 -84
C 1185 -80
P 253 919
C 360 -20
P 170 739
C 164 -5
P 541 631
P 662 1125
C 581 41
P 65 795
C 459 56
C 644 -5
P 331 847
C 908 74
C 117 -4
C 557 33
C 683 55
P 575 597
P 398 774
C 1120 -81
C 545 -35
P 237 1125
P 234 1101
P 474 698
P 543 629
P 73 1099
C 295 19
P 47 542
C 1090 -35
P 103 756
P 202 970
C 740 13
C 706 -96
C 625 63
P 47 1030
P 584 1125
P 570 602
P 489 969
P 440 1125
P 110 1062
C 1162 -11
C 360 72
C 927 -92
P 181 1125
P 47 537
C 578 -63
P 340 832
P 337 1125
P 96 1076
P 404 768
C 1151 -53
C 261 -27
P 47 952
C 197 70
P 257 915
P 287 1125
C 913 94
P 47 990
C 716 1
C 1164 21
C 16 -24
P 400 772
C 103 -91
C 168 -23
P 47 507
P 202 1125
P 314 781
P 466 706
C 787 -97
P 159 858
P 360 812
P 192 980
P 400 1125
P 47 796
P 300 872
P 58 1036
P 502 1067
P 47 813
P 322 850
P 192 781
P 248 767
P 47 751
C 1179 0
C 635 -13
P 47 1007
C 405 38
C 1084 -71
P 47 785
C 471 -8
P 47 914
P 693 1125
C 21 25
C 549 -63
P 47 1096
P 167 781
C 945 77
P 340 877
P 583 589
P 154 1125
P 142 1030
C 1155 60
P 123 619
C 488 -7
P 189 1125
C 498 -30
P 434 890
P 353 819
P 424 748
P 276 1125
C 324 47
P 84 1088
C 775 93
P 47 894
P 120 699
P 47 677
P 204 1050
P 374 1125
P 69 775
C 567 -63
C 1166 51
C 104 -90
C 229 38
P 120 1052
C 422 69
P 211 1125
P 47 782
P 370 802
C 954 -25
P 522 659
C 13 45
P 437 735
P 272 900
P 484 1125
P 327 869
P 75 1097
P 47 489
P 374 1068
P 117 1055
P 525 647
C 780 7
C 1205 -17
P 495 985
P 47 946
P 213 1100
P 188 859
C 176 20
C 114 -19
C 208 -99
C 771 96
P 340 1125
C 1078 6
P 551 621
P 289 709
C 1248 22
C 487 85
P 137 1091
C 454 -40
P 473 1125
P 227 1125
C 442 50
P 315 879
P 307 865
C 305 34
C 158 -69
P 516 656
P 47 892
P 266 906
P 85 1087
C 483 -32
P 47 949
C 1249 51
P 412 760
C 658 24
P 537 635
P 1117 1239
C 411 70
P 76 813
C 717 -53
P 47 997
P 115 1057
C 808 33
C 647 83
P 147 1025
P 529 1067
P 78 1094
P 397 775
P 143 842
P 58 992
C 596 12
P 237 935
P 127 1045
P 162 1010
C 119 29
C 157 -58
P 246 926
P 47 752
P 209 1125
P 174 998
P 319 1100
P 175 978
P 555 617
C 803 -21
P 47 879
P 51 836
C 166 -62
P 145 286
P 262 1104
P 201 557
P 311 861
C 1182 13
C 501 -19
C 570 67
P 461 711
P 47 1013
C 458 65
C 946 40
P 490 682
C 684 -60
P 185 987
P 250 1125
C 1174 -7
C 37 -74
P 157 1015
C 686 -20
P 173 1035
C 399 -15
P 379 793
C 347 26
C 349 28
C 934 46
C 788 -23
P 343 970
C 1041 -95
P 573 599
P 47 918
C 732 -79
P 1 1251