1304    
9566 10
52477 57624 65721 48216 76358 44518 60741 85657 3302 41865 
8149 10
16863 79950 87508 71560 59349 39297 11281 46288 42728 88199 
1760 10
5901 39132 49620 14830 22422 40929 58487 82880 46805 28953 
53 11
19871 45897 2478 60488 1061 70968 67042 56156 61098 42293 27198 
122 10
89613 22078 37843 98090 47800 78834 12344 70053 13385 55902 
7305 11
23444 89141 17735 27769 569 31000 71052 41276 95997 16103 80227 
2863 10
58684 99870 11046 70638 855 51663 30562 95997 19056 72313 
3938 -1314842312

2380 -1327231793

8617 -706383121

8279 -1586076180

2346 -209290416

1549 11
52239 47431 78457 39536 92602 36648 5245 52007 61854 98461 25013 
198 -79887116

4059 -982494610

115 10
76397 58775 15264 96238 44635 99249 50746 55235 5443 60419 
1161 -148505550

9927 -2101714976

8917 -74608361

6754 12
48874 16462 73946 69574 57188 6136 64971 54195 47046 9716 60674 38055 
4193 12
82470 16068 8596 51587 29869 52011 58278 97482 99564 34675 49397 24403 
650 -367164144

18 -1453713317

7368 10
56298 83691 14375 91433 40763 15296 10925 11093 18208 67270 
3546 10
83879 46983 76616 55898 55536 92353 84271 46114 29226 46370 
1800 -2135465091

1634 -1608231626

1004 -140341860

9255 -1971063576

2006 13
94498 96323 16873 36998 3964 20664 88446 79411 27157 42790 96719 75657 42447 
1864 14
30623 34568 78112 35086 80808 46864 18625 94551 54703 96511 52248 22717 43957 33943 
111 14
70445 1692 38153 55457 20320 15253 61427 1559 40466 79430 45472 8792 78382 97759 
9772 -1317753325

7327 -2019946167

4705 -639428834

2297 17
32352 98491 19238 67018 61759 74118 54343 20451 72402 48161 5511 6718 42504 70960 26037 34902 44219 
9918 10
63551 71772 47523 14457 27484 83949 61821 79933 49584 31825 
2882 12
16292 6626 34082 78934 24478 34255 48828 54090 7897 83698 130 65860 
7989 15
22925 80808 6800 31099 46874 12877 34694 46347 25304 39418 86559 92114 95793 33147 4181 
5134 15
91032 93992 97031 41345 78271 77120 73307 68890 41570 6727 98153 79664 97582 10421 62796 
1559 13
48838 83093 90715 51878 52328 13735 44809 57844 91615 49428 21448 94008 32310 
9092 14
27133 70866 56179 39395 52279 14736 59636 33002 43902 83350 4727 61446 50047 14305 
8490 -340597000

2732 -711476800

4330 11
96715 71274 72368 96206 60050 2290 80442 97836 87042 6287 52496 
3953 -137568532

3612 10
12164 75570 74097 94125 16598 22854 26970 15834 60652 25134 
6129 -1635761091

587 -641127092

806 -34112416

479 13
65438 31568 15780 13011 90023 95650 70053 77731 9176 95716 4191 98692 15992 
1351 11
89302 21165 47154 31055 36187 28930 19843 91501 59813 2942 36129 
1296 11
80466 19174 88340 88752 28937 9005 26826 95303 84642 45191 95991 
7360 -643912188

2359 15
9508 55889 14067 60259 78319 30503 98686 63497 83803 19053 20678 28632 12451 52615 85810 
1023 -199431728

2143 12
15678 17145 18889 34395 67372 79592 87144 21511 28330 86761 98833 21501 
4871 -831763348

3216 11
81216 74598 74588 70762 20333 21563 14944 79179 9436 72361 66583 
1949 -56249014

1109 10
29735 70282 78813 65141 25962 74628 83089 14698 61713 38329 
794 10
74291 19230 26937 19564 94453 81411 19740 14396 9991 64596 
92 -1502724896

6550 -1983185736

8981 10
73258 36381 15079 52999 53912 87611 11981 89217 68881 92873 
5107 -194718156

917 10
97211 85545 29121 38274 99771 3449 59516 44084 33126 60729 
6241 -46300236

4460 -195827966

8696 20
35619 45104 44776 86267 17085 89554 3876 87902 38304 24855 77630 82092 78115 2284 82577 94634 66416 42488 5076 65791 
6229 10
76302 75827 28422 81657 24198 14751 61540 8106 10817 17584 
5020 12
72364 56306 61717 28296 24078 84053 23908 97385 71679 34753 70976 11335 
3730 -1711855730

399 12
5704 5660 36203 59660 55849 58319 86560 72616 44405 92949 16700 83483 
1427 11
16915 98986 40047 8827 56741 82504 7576 36020 86916 75006 87619 
8758 17
13373 66675 45583 57507 17985 77120 18403 74958 51760 95727 5445 88026 60299 49244 24925 68057 36492 
8738 17
34438 20614 68221 1081 46844 42857 89237 2052 92795 33701 88550 485 69069 47390 10840 36519 41936 
5002 12
23352 31469 26815 79017 56284 79583 4951 10707 62072 18834 62394 74901 
3944 -1008700316

9829 19
56041 83501 86822 88487 64120 77453 20136 75869 3990 47730 21391 97558 32779 67231 1070 11205 47315 51779 70861 
5523 -1311676647

6386 10
11094 19711 2109 49757 67054 59511 71764 17594 22813 9874 
2469 -1404942317

3794 -1542470726

3548 11
40089 7620 43615 85798 98495 18494 15037 49240 69461 72581 62046 
6313 12
93797 31659 43265 78987 82829 28797 67578 11942 40845 71033 55835 87162 
81 -957199274

8384 20
29310 76168 27699 71023 79781 90223 84313 24067 67329 15212 84933 67804 45614 54344 4986 37923 69826 34713 81966 89482 
6202 14
35878 47571 3489 73534 70036 69527 37978 87037 92835 18657 81666 32439 26051 88430 
2610 20
1382 65479 61304 49113 77032 48043 39325 89240 66708 4174 7820 74761 25060 53356 30494 52297 11071 10458 48745 71113 
141 -2039501695

5724 -1620408453

9128 -1569470742

7281 -200305820

1448 14
89811 53233 91418 45379 95566 14370 97191 46160 88725 92889 88507 45990 61385 52876 
3428 -1086437217

1789 -922807208

906 12
60103 28069 51287 44052 11604 24241 36627 87150 2770 75208 73612 46263 
6897 19
56907 95402 83304 28038 71074 14860 10856 3932 87937 54263 6564 43423 14925 48793 75602 16476 73295 54084 37550 
5804 17
94485 99751 90819 91571 51893 4467 68128 41712 8105 22763 48473 62136 8102 62289 5917 30618 34521 
7555 11
80645 59433 9913 34991 98853 49271 33388 28735 93960 62262 31057 
3124 14
99244 31431 99456 1683 57835 79809 42065 11593 4303 89360 88888 45851 24803 7441 
9061 10
97758 6623 14719 47228 34454 40717 6237 97493 42091 36314 
8109 13
66840 10811 75268 5407 34450 42969 31540 23360 52328 42782 59017 36052 52339 
7175 12
66907 75263 28784 39305 23413 28230 17709 96386 68888 4082 14897 55577 
6772 13
95671 19919 86445 24112 75938 62509 23500 45113 88834 90050 95512 46842 68161 
2144 -1414606364

1342 -1446976852

2415 15
17257 74055 95638 94287 27490 83554 4557 80257 17962 42484 53402 36089 45738 86608 46548 
9447 -1140271235

8691 20
48126 46058 1012 33992 55052 80049 35565 87419 18437 15480 78477 20152 50247 78715 55714 29434 85175 15371 11153 59290 
8530 20
11503 81373 87719 5892 26138 53582 59089 88957 32631 2304 20859 16064 42760 19448 98024 99723 22968 96213 27044 82458 
7021 16
8126 69638 66024 19902 71524 34954 71094 39880 15673 84776 65056 14586 93967 58903 78444 86633 
2904 -46443947

7791 18
23942 27113 54133 35109 83007 41427 75810 87331 49959 81321 87958 48237 26638 84014 32187 91641 81874 93181 
3631 -388882672

1642 -743255822

8260 13
8391 43255 81941 63560 47005 35133 92119 2337 83122 75316 3518 59725 87805 
1195 13
9331 14934 67451 34 58034 12925 16525 81708 60713 65784 61163 99673 79555 
6054 10
4824 58795 69265 4114 19734 63110 15284 56202 52082 61539 
7819 -818930834

7445 10
54006 15917 34472 19351 80365 80625 85554 84320 15716 33977 
4758 -1428604621

1045 -198161009

627 20
74570 6016 49106 41993 94802 39432 20137 76493 13907 46427 61874 92874 60226 60962 18989 17668 47618 75802 52170 38799 
2457 -1137026149

8791 -252655498

7491 -1163811112

177 -590739362

7494 12
623 10857 41288 10663 79302 90878 36353 70468 51017 76735 4463 85508 
2786 14
37310 15562 29626 88803 99560 10714 7537 53376 38790 72419 55427 25368 27246 34993 
1659 14
6279 53843 75181 66551 60276 19804 50300 56181 17025 42808 55938 76475 35568 43695 
8285 -1206222000

6783 -1616331492

5810 13
78145 7993 28584 21603 78493 86804 63360 61998 92677 51085 74309 74884 81225 
8887 -1028814372

8178 10
9401 81080 40436 45833 4923 53621 40020 50605 50677 96730 
6493 10
18975 82563 75107 88148 56683 17080 80393 92547 95151 24233 
8728 19
71936 35203 33260 69082 65433 50050 87702 32405 56671 10134 74374 73194 74978 35881 72584 47730 18116 81479 15654 
9218 11
71906 23172 41448 8590 70639 27311 24201 68963 35538 89612 50339 
5569 13
64850 34230 84254 59384 3796 62797 42224 9565 17805 83966 1429 54440 49204 
3245 -1695336697

2738 10
60345 90672 99070 51020 79375 85669 11467 29926 80013 87867 
350 12
63551 16689 4757 28363 2565 10810 43238 77936 8204 39345 55647 34408 
3907 11
14146 45631 92245 99279 42943 25060 34950 58981 27219 33825 39237 
9367 -617948796

3091 15
5660 24479 90370 33403 33875 78266 8607 29249 64373 30466 11278 50612 37800 86977 57247 
2942 -1689985952

9948 13
4624 24599 90758 23869 74943 15301 10231 7578 78907 83858 60007 44866 55894 
3202 -1538229460

2977 13
55942 3911 26975 15505 5806 59016 22277 93384 51874 12353 17198 1255 2309 
1653 18
37098 38343 94606 23427 57035 29400 96842 94978 91818 93600 28095 28629 53375 28621 32573 13447 98634 85842 
9540 -1935849563

6644 20
89990 62465 5281 47332 52990 87633 79918 60249 35676 34217 91504 2164 10816 32722 59710 43182 39066 67532 73905 34688 
5771 19
86501 33122 1209 28069 24242 99914 72219 64988 59863 66534 3612 93974 75809 79899 54432 93188 49265 33987 61655 
5348 19
2519 30289 22038 37958 21795 43951 27669 16521 30371 60666 44592 63951 6144 42335 75228 92159 70428 9820 44219 
6997 16
89931 98688 78792 5905 19589 40161 29304 15745 17992 87668 28159 789 87233 72751 15852 66150 
4645 -1599071275

9833 -1185504918

156 11
13469 15885 65197 1251 54977 73296 20438 46885 42859 47307 36043 
9460 13
2404 22338 72555 66906 87693 87181 10043 94677 3868 19632 60724 27752 43007 
1984 10
41551 29613 12902 95766 33464 33105 92038 32744 60456 80178 
5064 -1194197568

3679 17
43919 30290 53944 77953 73279 33897 32628 49586 15648 91484 54193 20209 39446 8895 23169 73820 64846 
752 17
30917 12133 28446 16350 55619 93744 18064 61302 70551 31700 72792 39254 94303 81483 26416 43031 91548 
555 -383253640

7511 -671559673

1229 -2102101920

5707 -1018246954

2754 18
98693 4700 71756 52108 65435 63882 64367 86571 64840 60594 64036 51675 69218 81834 65303 35310 70011 47424 
6441 -1627098404

6063 20
54575 67622 67848 78200 9552 95598 41516 96428 79788 1266 85987 48962 51504 36058 66962 28199 5828 91877 9218 50947 
7025 11
10805 52644 5509 19809 18708 19506 81812 76817 98482 33186 52788 
4704 -1900769305

8518 12
85977 38231 56852 92374 97852 41806 36836 11461 22438 97315 1534 48724 
416 17
27052 96196 71411 80870 58698 61397 57140 78548 10280 82929 19674 84065 97542 348 1508 34561 85782 
5388 -1901239737

5184 -745895677

9100 16
40503 79050 41747 67500 72373 1905 11852 59863 53450 58793 26345 14179 24333 48829 6610 28665 
6953 16
4460 44169 71259 13413 40597 2391 45821 54548 6931 67642 46259 29728 66523 84887 52169 46501 
2312 -1191927176

462 16
11995 88288 65678 36094 36722 92412 96865 12322 82077 31505 72407 29109 84319 76817 73681 45164 
6915 11
65488 39955 36036 74797 94434 5398 42644 29988 85197 71522 85422 
5339 19
74857 8649 63380 97317 93773 61805 72427 57668 56296 82022 11166 58639 40789 57166 68007 42866 21895 58878 12125 
8314 12
56962 8642 63791 26183 3608 2974 49592 15104 41770 68776 41045 13404 
3148 -343726444

349 -984009104

9486 17
77993 25214 29781 88324 29916 88042 144 96171 85828 42294 1142 3667 13021 47863 25217 50136 81616 
3342 -94838716

1777 -180070766

8795 18
47816 36151 89427 30617 31898 51607 7588 75616 72714 7515 35653 81608 33606 24629 34827 20115 11887 19282 
7193 -681659084

1283 18
78912 89194 18163 45905 65797 29280 99157 21454 30634 38825 18667 43971 61184 34956 96458 87663 50561 9751 
7630 -577330003

6636 15
42641 997 71874 5454 54092 97223 34089 1816 60066 95361 75695 47875 47982 88953 32592 
8181 -148156096

9315 -1991543660

6871 20
40071 599 47629 87851 67662 31515 12282 59306 42836 75548 36149 80127 74615 74736 16615 59246 66013 21581 39044 13601 
7285 13
40018 63576 89313 26738 11089 73564 5389 74374 69891 83724 81492 65547 24772 
7010 13
3374 50049 76342 73618 32844 36326 84419 76992 6527 88013 33506 7866 9494 
4592 -2076576782

9160 -410203846

4439 18
6785 40174 54368 72389 91600 10386 75771 75100 20796 39744 13903 11204 24579 65954 42593 99588 30114 9881 
2510 13
36151 20151 88952 51299 410 90510 94567 68356 58544 39652 58393 19813 70989 
8792 -275585906

8005 -1761668408

7984 19
44930 27980 57104 6981 7690 38861 57279 91557 40900 55615 78896 88120 97991 96995 83098 98660 59248 60574 56008 
7261 12
80930 42784 11531 19734 9894 56593 65000 44155 88509 78525 1049 69987 
4496 12
65932 51627 92646 61278 53580 54582 15628 93963 95947 86869 2210 94856 
9053 -1004108384

8283 17
21288 75797 34666 69572 52552 81890 94482 96375 29584 93762 84177 91275 77395 778 93624 75951 13885 
8050 17
68239 93694 18693 42059 37194 39647 50751 70363 63540 12728 813 24179 36105 88971 63265 3975 78373 
4112 17
572 27645 65305 35584 7423 49884 67144 30218 88453 95395 72854 20577 8516 8967 68058 46917 13957 
2652 -903366962

8624 -942706696

4074 -2068463842

1970 11
30317 80411 49785 13325 60718 92429 35806 71777 60864 22341 17137 
526 14
87714 67485 29292 2504 33586 16110 98157 9200 69570 54307 62761 16735 33981 1491 
3993 15
47019 56292 58199 92861 21837 89549 63237 57768 4313 22861 80554 60365 50285 90129 43520 
1967 -693266887

973 -1278651311

8056 13
31110 63827 35890 3561 75487 45770 24457 19817 87430 34361 17128 96476 28167 
4614 13
4248 59414 38614 92694 6797 80231 11040 96201 44479 89416 90052 32798 76366 
4194 13
40861 16943 13128 73906 53815 56177 77193 66263 54420 21300 23520 7184 19288 
2200 -815617312

1029 -899670464

7963 -1773977736

2976 -1646066596

5023 19
71227 57179 42712 75447 32205 66078 8667 54788 85676 13803 72850 31201 82184 73933 50887 5825 90649 87136 44869 
5510 14
66083 80974 15448 35068 45455 23029 61620 49426 63147 67104 69642 78494 77436 64469 
5263 17
73291 34601 15260 64389 38744 35600 83457 36344 21385 805 41725 37405 63602 32725 78398 27573 90365 
3981 -627858642

9960 -1972829146

829 -835856928

9423 -430987033

8226 -1109883530

322 14
37233 86071 41345 22915 26229 52127 65870 72500 6746 11553 24630 98762 96607 47789 
6916 12
11809 72127 99970 50484 73880 52775 69602 41285 30454 70456 28824 1234 
4893 -1260545588

2994 -1108623762

4138 19
7028 92204 45568 17444 74424 68663 55497 97831 57207 16048 41421 45495 34073 96595 37046 67693 59332 57000 6958 
9855 20
60258 74200 83257 45533 55738 34698 84226 89198 14014 94033 64392 21342 79077 31629 2999 56073 18568 51479 24583 69233 
7363 -534647366

6109 10
19931 1178 71786 93430 25854 12003 61318 39924 89884 30948 
8449 -234599030

4589 18
15019 60847 25544 63137 69690 96842 7474 16290 96657 57543 85547 13094 68905 21652 37167 42443 35659 65364 
4319 12
92950 88250 64662 24612 49885 83203 61789 67521 5288 28815 31577 7365 
2848 14
31963 69102 58578 43702 98293 94845 33192 77165 28308 28054 65442 74347 83820 50366 
1996 12
30382 63868 73587 26562 15683 24317 69113 33775 67027 34632 40074 83088 
1737 18
11483 75184 75599 7055 24216 38352 41108 1912 35667 75169 18610 63090 10209 39513 96574 74518 28258 7610 
9616 11
86840 1692 17570 99815 1364 75156 7556 16417 41559 78190 26504 
9027 -239051528

2097 17
71974 13950 4479 36914 56512 59220 12344 99396 58614 95184 70408 55915 30639 19472 72902 35119 84576 
1348 17
19371 53262 13098 39422 90465 58518 6111 27379 41574 65834 10838 56091 90943 73329 9142 55706 81953 
9610 -285321561

7956 16
23650 83790 34990 86621 25103 2365 19498 11082 59305 43098 99270 76310 39793 8361 89710 91358 
5912 16
58401 15943 77245 7871 88435 63121 99381 14229 56772 17694 36075 35156 13665 55233 96622 4145 
5219 -647506426

2939 -1426796544

1349 19
28366 22375 94002 45850 11511 19353 74174 82237 75381 17539 56202 42110 32056 50069 8164 86640 63894 44508 75694 
2890 11
60955 55383 53382 58072 64427 8520 58129 58257 87869 4120 59460 
6006 -467612428

4892 -347351832

4847 -1921291464

9103 10
40936 63709 94900 98080 49435 46179 51298 38012 12231 59467 
7875 -1827820916

7358 20
8226 6016 41726 81897 46729 65508 65619 36550 63957 45114 59605 34271 81543 47834 46203 30585 67570 34122 51487 88944 
1868 -714521392

661 20
48941 87312 32402 83190 46618 77606 50977 25973 15297 26557 49350 31489 55860 41272 44823 15973 86001 9112 5110 66405 
6338 18
99700 12190 60792 87196 95615 14542 90076 24605 84191 50679 68607 73241 28228 45550 97460 85867 3993 87956 
2919 18
66105 2194 92778 54171 36953 45296 26334 37464 81202 22402 832 36354 22673 86866 41339 35907 43217 43173 
4709 -1173905207

3967 -1554691069

9316 16
5807 70147 99852 47309 82906 37623 47249 75727 83085 33100 43322 78016 42636 19434 85069 23358 
9096 12
22767 38478 95825 41134 37455 83646 37806 56082 30748 85824 91376 35543 
2426 -942447406

1711 -501377576

9489 -1085453121

7709 -1311707834

2110 -343646653

4154 13
2105 3619 50924 26091 32941 51548 816 66068 1117 59035 63752 35994 89968 
5933 -889147471

2881 11
13893 25536 80716 96993 5967 17468 76033 43130 90360 92110 20498 
9265 -1658941528

4924 18
92541 59614 93078 48782 56151 13354 87012 66749 44645 21951 44115 66609 99110 59889 33792 71417 66797 6532 
2504 16
449 22770 34013 53082 33155 70525 86931 83227 56410 7223 95592 370 67989 48916 58878 24035 
5805 13
750 60441 10948 44922 26733 42579 11382 89107 38167 17515 42416 17082 70432 
3586 13
57227 71835 69041 69328 44102 40780 7837 5869 43105 15365 86665 74127 66498 
69 13
61389 68154 51531 84681 86023 24952 65739 92147 5808 11810 61912 52387 35067 
9573 -1903761458

7611 11
53390 47914 18521 77532 38709 31248 30601 72767 71784 11570 56217 
1345 -1716010006

1024 -1905928864

6979 19
89839 41474 32591 40294 57859 71799 71246 93347 41412 21211 30325 25493 15498 8991 43631 3425 18600 22906 76206 
9203 12
24592 81842 27088 71731 83264 8470 38458 6905 8113 67814 91060 87616 
4979 -584637704

1617 -360676331

667 -982676537

6760 18
58782 18940 39307 55649 84077 77028 92406 62767 98616 10514 85057 950 1126 76560 44692 65570 55458 52244 
6387 -1747959313

3553 -2046916610

5853 17
45690 74745 69503 15189 86337 95766 35992 74376 46472 40237 98161 7334 52055 26098 78738 71022 51319 
2440 12
36019 32503 17250 95621 29022 52280 48961 273 51054 38466 44569 95859 
4563 -1943015001

2737 -282172932

3919 11
90734 1184 21917 40245 66590 94347 4461 89941 15819 56056 69802 
2244 -1193150764

2138 -357145619

1873 -1518985948

4506 14
46480 38358 68459 32001 63107 98349 69560 48250 39993 93152 7121 5368 88297 9268 
9761 12
91084 54689 97918 87866 97684 74259 34675 28058 91986 61586 3750 55044 
8098 12
20487 52912 86941 35499 83543 6241 32178 78523 48510 45918 7982 98316 
7308 16
10896 21713 75913 48460 67249 11678 56598 78871 24598 24479 38808 97823 29482 31752 54440 40867 
4084 -1399499176

490 12
88188 10519 60348 30696 39605 97000 5411 44257 737 53040 24207 104 
9097 -1794201336

5097 -1246785536

7914 -416775385

6342 19
92024 40639 83420 56610 14438 78035 17891 21926 72245 32670 7859 54197 66637 69395 9810 92418 82294 55491 15146 
8848 -1974607072

7075 18
26973 99835 92121 86304 80133 37195 2387 66289 27107 91201 71055 29624 88983 17920 52111 92755 69741 753 
1425 11
68541 41816 74273 90989 24556 55771 82434 44715 74693 71125 61665 
2868 -1222900426

561 -32897257

7096 13
14081 74848 51471 3912 7263 56709 98137 59961 70558 21657 37822 74167 11788 
6960 -224696231

6673 10
73418 34572 76296 23796 50888 65766 30070 51168 42973 54187 
4251 12
46481 95377 16994 80130 15036 61616 80598 7613 49793 41937 60970 93029 
657 10
39742 7188 35060 62073 18766 28948 27863 42847 83887 56560 
7470 11
84931 30834 25892 47689 89688 60595 58776 24953 99819 97382 14340 
3698 11
91786 32312 3504 64709 18098 68347 32386 8503 82055 29770 24081 
8505 19
51950 91543 75626 82264 70781 63958 99498 40259 80284 10869 86182 35399 62215 4848 44883 68405 68816 53693 64527 
6060 -720519926

7658 13
8891 20970 40645 25826 48988 6353 16453 55638 62112 25900 47815 31242 82620 
8893 -1936022278

1246 -604881252

9108 14
67184 69876 97664 3767 2947 44442 42463 87785 10878 5784 14044 85237 45545 21047 
3413 11
11789 23259 7166 56065 46956 14911 82597 80404 70750 44479 93981 
1249 10
87288 43004 81969 60004 14370 24923 13016 70255 10207 76800 
9872 -1009172279

8831 12
8173 935 21173 54090 92109 73255 83003 9652 90428 8156 60767 28394 
7624 -371755531

7143 13
45165 61091 34953 71568 81037 20580 33208 90787 82181 55892 4712 46194 35678 
1978 -1919645083

7205 -748225918

4637 19
63609 28299 26142 46712 95262 16353 59528 50684 78679 72198 48895 36055 96659 67409 54237 89342 58115 89102 20123 
2394 19
47576 34607 94214 40639 96142 36757 83514 1998 63799 25967 43263 95029 73569 6758 20575 12871 36193 9796 29201 
220 -326981686

7407 17
71967 84012 19051 99915 65910 88573 17054 56070 58136 75113 18397 5091 72956 90246 64217 46170 41471 
7038 17
61179 99644 64379 87874 80352 22970 95361 34793 74706 3068 11272 45102 70019 1508 43484 16268 19777 
4277 -2067326235

6751 -1665902258

9110 11
99103 78629 8444 67737 54757 93603 90052 34898 4345 84142 27498 
693 16
30884 79029 18233 77061 24973 66704 34392 35676 66038 32671 38587 84908 98204 39490 52967 70660 
3999 -1385486636

3550 14
36462 62814 67059 38174 48062 59389 60417 30761 44797 74796 25997 9428 61815 77749 
8409 -1967175460

6213 -595707648

9548 12
5328 33079 12593 79741 42365 49282 76966 2920 87321 90100 50610 65341 
7881 -1499125833

7786 -707261264

7179 -779268077

6724 -1508086502

6929 10
37857 1246 41736 74880 48522 51237 91054 27730 33361 59689 
4101 -874375604

5857 -24382224

3726 14
25619 60925 84645 55052 4363 64035 32226 36631 28561 19778 28990 85115 64529 98339 
1515 -392175838

8628 -1434500702

6902 -1637998384

5286 11
53652 84511 47790 22812 74002 33603 27086 4117 94415 60639 83647 
1682 -1977960324

3720 17
70147 39381 46806 19264 60814 32015 63846 94835 35343 11291 84943 31747 47043 85826 48745 73304 41114 
6253 -304998536

751 -1013927248

8269 -2091117872

317 10
87192 14071 82751 5507 50601 91989 35908 75006 47106 62775 
3729 11
2650 91787 95081 15581 83971 25485 92769 62809 52186 11564 45274 
9095 14
75822 3621 72812 18313 37934 86290 12473 93109 49484 14246 17192 86613 92928 20395 
3025 -1366492904

4803 -394890320

7349 -565844847

7120 -1578796512

6966 13
5047 31074 7993 38473 39549 94353 15390 19073 60597 16670 60828 910 90600 
1989 13
61260 79182 39893 85142 89037 24761 80644 60870 97175 51836 64154 53033 70849 
9810 -1271379507

9353 10
37027 31682 70253 81804 42507 20075 93341 78811 53825 4698 
2017 -66703022

1476 17
47921 36162 67602 57158 72019 80283 96318 81097 86219 75901 67690 71712 97603 1961 97715 19419 62389 
8828 -1059781361

6794 -646704184

8300 12
33813 54196 41532 62377 92704 73038 31408 60051 10836 51039 15770 9754 
5532 16
77124 9624 58431 75618 36759 45150 76154 64219 20449 84803 81458 4594 70554 56444 8841 99553 
8211 -254399996

3318 13
76786 43084 69979 1598 61006 58059 15194 32281 86023 94732 45513 22250 80271 
7293 15
12574 14667 70986 49312 39981 51647 3704 36429 49885 78972 14763 57054 73884 13465 44087 
9077 -800078892

5765 -448739294

4026 -1706162644

5851 20
8445 79965 3982 23556 21720 87530 56563 30381 12513 17291 95728 45502 85653 3163 21555 35601 99002 21719 50129 16980 
1356 -269563115

8648 18
33752 82906 10856 80463 5890 5663 61228 70053 31855 85459 81295 22446 92903 41666 55376 40446 25704 15391 
7731 -1175861416

7104 -811126954

3246 -1060000060

2541 -285950368

7201 -1434746450

2901 19
21422 6452 19814 20707 25691 32616 55482 94766 67673 12040 88634 58807 13741 34002 32970 85111 16397 71126 55760 
7645 -298012576

8404 10
13529 44882 38866 96954 82120 37115 91728 36801 13368 58196 
7344 -945123488

4613 -195666552

3877 -345671856

6603 -1197949180

5555 16
43114 41617 26780 15588 5128 48511 40617 72557 77368 44824 52666 43089 53231 21604 3773 88406 
4284 18
20698 72299 37144 79590 23103 39219 74488 33387 94524 79501 99442 4492 84059 55489 91306 76024 95026 40266 
2250 15
38008 10297 87671 68845 14779 46943 19243 87037 52198 54812 3417 3737 95542 84817 70257 
1201 -2066473276

694 12
58055 95671 57748 50489 56320 42094 55401 49859 62376 44731 76704 2487 
672 -583913281

8124 19
24203 92010 91445 60124 17381 43674 16017 73964 63901 96909 47515 64953 77569 20796 74777 9262 42355 69653 93906 
6115 19
63877 83165 74708 46716 63246 1292 68866 8724 77082 28690 31377 25374 87223 30659 20120 15175 37543 61183 7852 
8180 -78027584

6212 13
62838 10024 84445 15924 35388 35386 29498 14766 52625 28692 96981 11374 5696 
5890 -508970030

6597 -1268933752

5789 17
54566 87405 50132 13429 62416 347 78124 30447 69491 15119 16737 31614 89758 61402 34964 5401 97026 
4618 17
5242 12430 78103 62124 78319 44069 49356 18713 73190 39285 56330 63734 86718 97876 74901 99623 95468 
3876 -559732936

1432 -1437093075

7974 13
59320 26314 27448 26355 45484 36882 71379 76647 20571 74034 46166 46572 88310 
5798 -1385252728

5311 -1729084651

4038 -1340249944

2161 -623907611

1668 19
80410 44718 9362 36335 24030 55783 58743 88494 67446 45921 46296 40392 71723 97548 21420 77215 17657 54122 77181 
520 13
24213 81727 63571 13982 61116 41348 19502 13745 90702 22444 34091 30948 110 
6517 -925569616

8128 -1603084568

7460 10
89928 41474 7904 50899 57650 74126 82758 59672 27716 38039 
6492 -469171376

4055 -1445723378

1960 -1014820284

5357 16
30926 28226 86311 61566 49688 23666 61616 69433 2897 29070 41159 14299 88026 41964 15395 86499 
4278 16
99700 72711 1017 60842 89993 71948 25418 25988 86558 71572 67135 84134 4872 20348 54399 95136 
7801 14
92511 74929 34242 64579 8998 53143 52343 42360 9805 66911 64401 67131 5417 46320 
5386 11
87326 18316 42897 50928 46440 65754 13760 65753 47129 43464 4963 
7841 -1966265344

4717 19
56201 65413 2654 29078 36568 51880 3319 86264 68665 67252 43891 61195 61563 81351 28190 26828 49956 12998 79767 
2044 -195556292

9081 15
8893 82682 3001 1161 31591 86117 34619 93266 71966 55774 27930 51304 56624 36605 37630 
6900 15
70957 61143 95188 26881 90465 40778 31425 33507 30226 17678 49873 65779 9796 56122 84837 
5502 -529476874

918 13
26806 50606 76152 48558 86026 49856 3345 26656 12247 92080 51025 50540 67123 
7575 16
67566 43509 79454 43121 81317 53525 60496 80057 14517 96630 31529 11851 99998 56723 57733 66420 
6250 -1340850232

2986 -1021571900

2086 10
71240 64126 8855 22534 69080 50175 10082 77395 10909 21483 
1303 -1786017248

983 -829396066

5687 -1684360726

5360 -1689482084

3854 -1354701956

3483 -587030795

2075 19
24782 49072 84055 68423 92693 1448 18433 18122 39879 70852 86288 50393 41424 87118 99139 69430 39111 4859 38228 
9724 -441110092

4684 -1305205510

4037 -339475636

2557 13
64183 57927 36464 41614 88848 88147 37269 11910 82808 12946 36888 71911 72443 
2276 -258071120

79 13
5547 40712 75224 20294 15601 95827 81522 68010 9743 3069 34003 17409 92238 
7166 14
43444 35811 20255 99387 98138 86148 74754 49505 99442 34912 60913 59221 58833 60261 
787 -147886228

7078 -1951834946

6939 -993182208

3617 12
48872 74355 19089 84356 91049 65327 44752 69277 40209 23200 28124 96141 
3369 11
44346 36496 1077 38612 64757 61874 50739 19956 17204 15038 49076 
3277 -358343341

2339 18
95783 84827 69216 65811 86162 55998 93801 48621 82212 88562 13989 73062 5851 98479 16402 31604 63521 676 
8644 15
35464 89846 73627 76680 22724 51062 68386 89898 23452 34877 87213 26767 53074 34444 30861 
6957 15
41944 72670 69907 32686 23121 89883 94880 8280 35443 29776 97950 4446 93239 16211 51669 
3229 -437561412

8222 14
40631 74797 56920 89187 98195 45179 96763 82830 4986 80975 52797 63316 5394 32921 
3991 19
13418 76039 74394 60091 84748 965 19820 53412 20429 90156 47613 18276 14943 89303 14661 49440 63001 46311 59533 
4386 -465759510

2819 -1621266227

414 -2127104732

6618 -579423710

8659 -1864571680

1679 15
51344 28976 19995 68538 25432 90049 91367 6282 57066 96725 77193 44342 89694 72933 20174 
9564 17
78145 39193 32607 38194 65091 4400 3879 47827 70424 56167 77329 94564 87438 92259 89514 36491 69604 
3868 16
88866 35657 15235 78867 15483 8246 20585 93556 71860 77797 48204 36551 14853 79373 45565 38492 
61 -1799773796

7839 19
53652 80364 56161 24635 33866 99122 60653 74508 26812 94038 16484 25222 33645 66130 4628 13704 25682 99997 67734 
8793 -2027171560

7442 13
43972 88066 83475 51910 88608 2411 75666 7033 95694 18588 31144 60742 84007 
1488 13
24347 5672 94462 22695 39288 94939 1762 80258 33891 32887 97224 14619 37975 
7937 -1624068736

2567 -1023934420

6826 -1102498288

6792 14
29429 7163 18607 71996 28459 74662 5277 3160 52189 2690 37289 56258 60785 17248 
5589 14
28172 30920 93461 16716 18607 63705 41680 8447 59911 7436 59009 68026 32515 99825 
8536 -408980464

3507 -804340640

6893 16
86137 22644 4230 75829 25011 6665 22537 47187 80059 96605 47292 69038 95392 84211 80312 95732 
25 13
69060 16523 31263 8959 97951 14449 79583 60620 87786 28562 5898 26816 87370 
5558 -1226917172

3707 -1095436192

1939 11
56298 23542 7946 5946 30426 87958 68505 75122 83143 18390 28572 
9168 -1973077028

8122 10
93479 98957 6121 22757 55650 93036 99042 62802 53274 70857 
5835 10
6703 24979 73781 30382 78040 89745 48697 93577 67862 93568 
5321 -731351839

4086 10
77228 90228 78895 30170 66900 14904 46771 35575 9796 4242 
2497 15
65230 17597 10644 80191 81091 90565 30941 41298 89009 2357 95546 66535 33888 86828 11387 
1886 14
23337 32430 90527 69917 34381 99025 18501 24943 27423 56011 77196 19375 76267 16148 
6025 -1776316720

4556 18
32157 40510 57800 36222 87866 37414 43049 15115 45034 972 64985 74165 54089 33926 76785 91644 64604 56560 
29 -388999508

6885 -1437406544

8618 -1152020656

4083 12
52309 50999 1959 71983 16089 20469 17715 23437 67135 43990 92141 3262 
3865 -710703976

1403 12
60650 68456 10231 55951 80403 59518 74162 58077 42019 94238 40767 8000 
1164 -979388480

9985 19
5474 86708 18118 352 81477 35989 4521 95315 81469 46976 43277 39791 57997 13262 94829 27065 44342 31641 71651 
5931 -1569840224

5345 -1250833320

9391 -1752345161

2414 -11588900

6388 10
25759 33785 14052 57679 70658 78503 27325 21305 35798 6068 
5390 -691359776

1973 -1910816116

7995 17
76518 7514 78404 25285 77993 19974 95027 30852 72285 28990 47295 5768 64041 55364 74621 38128 96627 
5397 17
53613 46379 25888 53554 78555 3816 98963 53189 54150 71639 27789 5699 77282 94475 90129 15078 73351 
458 17
48823 30142 15900 31129 56783 97306 52949 43977 28797 80536 16259 11323 50016 28423 128 45076 62355 
3932 -1979439359

4819 -717229565

3027 11
93498 36246 62107 686 7709 94987 72139 30048 55443 26116 527 
1992 -682961836

820 -1176706934

7177 -1424679646

3164 -1974169012

6485 -163191640

3094 11
62188 10417 96483 41836 91141 19811 94442 70804 72753 26457 4876 
2257 11
37279 92596 8041 97877 53545 49709 35380 24086 83071 26567 44184 
8582 14
95124 26310 31680 60342 49047 36499 73331 83989 41460 90971 78272 56004 91550 36362 
4535 -272407692

3963 -2049000592

3694 -1338676368

7243 -1462151384

9080 -1149921584

7148 15
32426 49863 8543 13913 3013 52707 4474 15901 43448 71203 71260 48396 50825 51731 52590 
3247 -1330650560

2900 -797631230

9787 -738606348

5635 19
71504 43377 86870 58156 54205 94606 61221 25642 60210 72732 32143 57236 21248 13394 85062 37473 76916 50090 23086 
5966 16
49097 54755 19845 83074 13419 31161 68638 84774 24337 44632 37855 87237 52220 27856 71086 32717 
7582 -1848022740

6976 20
81336 89056 92586 97336 11231 2163 56081 92699 97119 69510 89120 74902 32712 66507 34239 26150 60936 80822 64849 33516 
6698 -1691590954

6330 -1090771332

1596 -891997312

1307 18
46815 23465 40496 72959 33850 60016 52535 1529 77218 75297 48817 37105 24787 54991 76167 82495 30185 86902 
7493 -1710606295

6623 -1249953044

1044 14
60239 32697 36160 46398 51997 46663 35191 47616 94797 72992 14907 60159 2081 60633 
8989 -653811816

3767 -1719149766

3719 16
98025 81004 47367 34807 37449 80832 26483 7953 41713 74216 89283 90708 38987 23489 97039 94938 
1948 16
51547 21221 44912 85158 90682 44627 62011 21302 39560 47299 87494 27621 80843 99273 14595 55184 
4457 15
89928 29127 89588 48851 90672 72070 43625 29944 10762 39188 52833 87383 13166 72866 74825 
4065 15
69141 69244 43537 90021 43277 18030 33951 16624 59940 44996 9496 6561 86029 50234 99292 
7737 -1948548144

9227 14
54980 75128 42200 67461 30542 63726 66562 43939 98859 18981 38461 17766 14391 27902 
6152 14
28053 5991 71306 14160 6747 94538 6315 3713 75597 71362 23049 16806 24180 33034 
5918 11
94782 92538 74460 17453 6862 84977 33117 50371 20161 69940 62589 
3799 12
88472 15914 61032 80779 15463 19530 11880 58789 51969 39530 10226 46694 
1878 12
28574 48646 44655 84076 11468 55740 18070 98695 95668 54475 39007 33312 
7259 16
28997 72463 70983 5724 14752 76191 32807 65832 25195 44513 28395 76989 40686 14943 40291 28376 
7217 -1809139795

9198 10
2800 59003 74088 56094 80334 68760 78078 63255 98340 70340 
8677 -251906732

7007 17
98729 80330 65628 37396 81941 97215 51572 11291 28196 48876 60591 4710 1617 52012 42443 13798 45220 
8261 12
69785 52714 4281 1120 14258 4423 91973 78430 93877 36050 13211 52458 
6232 -1243174912

2111 14
29311 8110 26952 60105 43759 41618 6653 47961 10258 38453 6578 5996 60359 88323 
9752 -1209990380

6736 -699927804

3667 10
80618 67393 69139 13608 18478 41337 88836 62143 31002 84363 
360 -1301003764

4626 -2029924080

3852 16
77060 38591 83839 58777 48069 187 72242 77869 53683 15380 60599 40172 78232 30191 74830 9965 
4402 11
12941 59661 92752 56187 15847 94612 47813 28026 31459 77337 4185 
8138 13
20108 96157 72141 45672 77636 67623 36224 88287 74246 14820 66280 42854 13542 
5888 -1011025893

3862 -988918330

3529 10
92291 71227 75927 1810 25057 36293 3068 80431 31928 65857 
2721 -917212636

2548 19
32726 86711 57484 28728 32195 13294 33891 47803 86674 55805 45656 74100 75343 94111 84796 4499 79523 27691 52917 
7294 17
9222 87816 64804 14773 92094 74403 83381 24763 83796 14520 10973 23108 1412 79261 12787 55349 21556 
4116 14
9338 40454 52495 28986 19149 61807 43174 30546 67788 14922 36488 70766 41152 10414 
370 -2025481155

6289 10
24167 11857 93353 25275 67445 9609 80833 37646 757 63421 
3568 16
57089 38570 66803 1417 31134 3120 9324 37582 34112 5430 88971 38169 20511 15600 40438 99956 
1489 10
16618 84676 96446 18780 68669 10960 6539 98757 40236 89091 
515 10
89148 14908 50616 14317 54890 73933 88571 6102 86261 50076 
3463 -760180620

7830 14
66809 50132 64497 77190 43505 41142 83384 7133 85147 52375 21907 51238 89960 34488 
4072 14
49199 82737 24964 82192 45975 79313 66899 20136 40813 72640 79547 20232 68899 27998 
7124 -532162016

3742 19
22010 98741 34927 57230 19787 93305 38617 40542 24138 39609 38515 12235 70768 90056 27890 10046 45008 53473 43408 
2651 17
87520 40436 7277 69343 6709 84919 33345 15485 51735 90615 34930 303 66504 87639 35995 98402 89695 
3472 12
98875 95870 15701 28175 54738 92424 3501 35120 587 59977 1105 99557 
335 12
47002 51965 37895 80480 93125 67888 94501 37203 76675 29236 14122 96982 
3766 -1771813106

8751 -1733667587

9809 -2014030000

7967 -1706748087

4631 19
80045 80217 9577 43970 49982 98260 49649 66446 52408 56132 15196 40434 85608 80023 74390 6866 489 12505 63708 
1397 19
17529 14265 45733 65433 50055 83582 56640 1422 62582 13136 29597 11232 73566 80506 18788 92248 95221 66665 36689 
8422 11
49918 27526 65703 70695 73609 1290 62578 17780 32319 71702 27225 
6850 -1746445240

6779 18
96152 42236 97360 81514 80698 32041 23458 26920 17379 64219 28854 55496 41851 47812 2282 47364 64426 24773 
2252 20
94128 20491 17897 48674 68416 43402 5275 98399 61904 98116 45813 45591 37181 66032 14864 12246 28909 54837 75086 6297 
9279 11
24532 91244 899 8995 76171 6564 83034 9652 44752 89798 7327 
8773 11
75291 17779 56192 85276 13380 57468 89908 36647 40334 5104 33557 
7098 11
90624 95965 70642 92652 7070 13858 89075 72707 18441 81733 33795 
3324 13
56075 98469 49851 27589 65658 16067 6316 77126 63905 63487 80630 23321 29258 
2552 11
58300 8695 56745 52282 682 53016 8988 93487 6884 33606 85285 
1464 11
10968 70201 32197 31005 90673 6964 33607 61212 23162 32384 40376 
3552 16
43720 31819 89918 68779 4127 85967 42 12167 69434 15879 53591 77022 64890 46670 39157 58989 
2329 12
40712 29778 41841 26570 63990 19110 22363 61537 66853 32615 39794 15360 
1883 -1245069446

1110 14
94775 46345 82667 63840 11124 17878 79216 46752 52822 79109 81924 76657 31146 13971 
8316 10
47223 57841 94677 71145 90133 15930 50564 35067 88459 16936 
2286 -1106598006

924 10
27088 30692 63681 68117 59119 2009 9573 70719 32869 2345 
6235 -1359962878

1940 -561461930

8388 16
7524 92996 60592 57484 65980 93028 47698 73436 5630 93683 25618 55489 40309 693 70556 97776 
5100 -1605499239

3525 19
60690 22992 53202 39839 33222 88124 26248 28338 90138 4701 9648 72796 5122 89782 54655 97816 80204 11729 99793 
3267 18
31347 19951 74437 21116 32154 39327 74502 6432 54747 30344 37906 61801 73566 32751 16456 31974 91120 34595 
9562 10
90086 17388 24074 78801 6065 43028 73374 54582 66324 82933 
7450 10
22218 97960 33548 3796 23131 87177 91580 42922 15695 78642 
8869 14
50700 62772 27848 25250 9550 52124 53509 38328 82758 61039 49369 87161 13964 36087 
9629 -1355826107

5513 -116257531

2137 -98145880

1830 -1000711996

9239 18
78515 97260 73807 24764 6754 95095 65093 12123 35547 75646 55016 34855 86429 6812 93009 52478 56230 25718 
9560 -426080587

2608 -1837373391

9017 14
91709 14022 5712 19329 60058 91892 26768 60619 43329 91072 80430 42812 65630 95557 
8818 14
62386 42040 94583 98773 70211 39943 2506 95488 294 27965 86782 18827 36626 40659 
8236 -1589664683

2722 -265059876

1521 10
22701 91929 33311 67054 25408 13049 73574 16704 26915 34218 
4518 -1445582236

8330 -1754792243

9285 -1398436498

4919 -2045122621

3593 -208435770

7438 -592247296

2240 -2104128166

6215 18
17113 4949 29973 23386 11421 16553 94148 52762 4744 24129 2140 14576 56408 67089 94517 45216 49415 96662 
9751 -605565216

6380 -848585806

8861 -450758046

6585 -1372820899

3947 12
46971 40480 18930 29341 50385 92530 6863 12650 55870 97418 70178 21316 
7946 10
10678 36226 58690 67998 45497 36736 4421 79434 80630 74419 
5961 10
63531 90312 96351 96935 28828 12167 61363 94338 7684 10454 
1638 10
52448 89528 97787 68545 71993 84949 5091 10482 5087 3724 
3837 -1561227676

2928 17
97630 84448 67282 16309 16159 18109 12157 57257 31414 15036 82132 50115 47749 63149 77931 83392 63521 
1331 17
69820 69818 38127 59676 12924 25333 72124 53581 3541 86946 72349 81015 31281 36055 41770 59974 82656 
4164 16
87460 40738 44932 13419 35906 4947 4903 31466 83030 32376 84170 36802 5488 29670 91515 83957 
9686 18
12234 58585 1739 19857 67539 67202 98885 18898 4984 65300 92969 3052 66874 89718 91702 29417 65441 82545 
9508 18
24235 75059 85016 85823 14879 67267 98168 34392 11493 97151 76912 40741 5450 97289 7592 92230 12510 78213 
9294 20
42080 72711 16973 96726 23597 68640 97076 42870 89243 7009 57516 37909 747 37479 48181 54341 59429 87581 33522 57295 
6588 -1844588836

5547 12
3379 49370 50578 77720 71951 9153 79694 89992 77659 83536 5500 35887 
2943 -2125424651

585 15
68035 95338 58239 10728 47000 7897 22158 90553 72114 28778 78187 62068 98225 40085 75655 
257 12
40565 7848 48541 46943 30468 23752 43841 35009 50651 88115 10011 47090 
6079 17
81771 36151 15659 16853 80276 77000 76709 22024 12844 26665 61223 97034 72673 49 49798 51612 10997 
7071 -2105914816

1548 10
40589 55851 7862 3475 92675 75022 934 61821 97692 60640 
9638 -1357310623

3632 13
42140 34962 73286 56974 60329 87037 55839 64088 31648 94062 46997 91017 23357 
1415 12
36581 60818 59570 86353 12331 77295 67311 89423 83073 35560 11057 18746 
9461 15
16352 9925 87580 40413 8414 19856 78587 4073 40090 87140 63315 44422 35751 29586 1827 
8392 15
69215 80643 41824 29951 42060 20066 99981 6519 28228 96946 32513 95714 96203 2231 36885 
8095 18
6228 22232 90214 90909 59218 56953 66163 55875 17722 4572 28981 47435 93111 13218 16669 80424 92161 73611 
3420 11
37876 67460 57729 3386 52101 56510 92850 11895 55407 64815 51528 
1154 -1070479079

8177 19
86465 62193 37076 18057 27778 61129 12332 45970 34772 72882 12082 15824 87722 47292 19949 68303 41349 30779 42461 
5818 19
55359 1281 66216 84011 40475 91785 98400 34960 59170 32589 35342 70993 6644 20394 14283 10087 51908 72617 63941 
2998 19
3616 16572 31009 41318 13822 95424 71448 88364 26160 31381 12141 94677 54540 1070 42006 59790 14986 26729 87616 
6733 -1966792880

336 13
33376 95097 68306 69547 14879 35413 708 45101 4456 4018 20031 78480 72530 
9934 14
62769 40644 26078 85896 76048 33290 31611 48939 61475 13865 42785 12599 50954 74498 
5045 -763427420

8427 -131742535

314 15
63165 1523 93867 44995 50012 59963 60167 22302 10109 84531 64337 88138 70539 92456 64334 
5996 -1588786408

205 18
48013 59987 38482 66489 17610 89409 35266 36301 67607 64997 5036 28752 22789 15899 54398 81965 8895 85922 
3792 13
75482 9826 52065 47166 8578 32753 82939 92435 66718 98249 1767 52854 1063 
9204 16
63140 30909 97721 54110 41533 14911 60050 82570 77844 21536 27638 23565 94816 1827 15641 59900 
7258 16
13832 49014 66786 79746 58199 73383 53365 66192 77350 83588 79404 9938 80630 33015 60285 51793 
6228 -1089191731

3874 14
47125 92240 87298 59828 97508 99161 1910 51644 9095 59962 78658 95847 7225 97819 
180 -282784876

5668 11
51313 78751 96666 16157 50980 66577 60769 37264 64684 6203 41952 
5117 -2027663572

8958 15
35279 63505 37144 60861 406 59386 19992 60567 55120 12006 9150 56082 37090 68824 55618 
4451 -1803757300

6619 -379554836

2203 12
42602 14411 65073 66772 2832 79583 68082 49582 60445 70622 71567 36938 
835 -488275981

1693 11
70386 55806 70070 16215 87726 72509 87171 26151 36505 50156 27902 
5568 14
11989 65855 66563 40116 15721 70548 22644 72568 11333 86322 83113 17432 45053 67294 
9733 -787659620

3737 16
43158 47737 85327 59688 21489 49181 88312 12565 21407 70424 43515 34756 68991 84845 12217 59149 
4380 17
20565 20263 82752 43103 66833 52213 38621 93492 44273 11324 61185 42963 18963 5229 46072 45042 21474 
9291 -221500208

9028 -84849174

5990 15
24991 72817 55817 8844 46525 30267 27051 70341 27750 71709 57778 17515 24689 35951 63765 
5604 20
88745 9206 98615 83808 9978 26363 26512 42354 3229 21085 83291 89538 19539 63689 63423 74267 60539 98019 95456 75707 
5289 -546983896

4252 19
73224 19213 86957 72729 62340 26067 73659 92372 73169 87121 48475 58654 6511 28200 41155 56397 69466 51077 34069 
9539 -664179016

8663 11
9850 6134 8726 17711 49876 38608 60655 43539 56195 97554 87246 
7302 -1749587546

1520 -717008855

5561 -326741792

5426 16
72585 5925 19950 48107 28081 75702 80817 89167 72459 51907 8856 68419 55517 80783 45328 94840 
3192 12
48592 87211 18494 76950 97915 93968 37464 80379 30196 36237 2209 96441 
381 -1052906585

8447 -2076574810

1927 15
40567 86437 73243 91736 23592 23729 3347 37925 57500 25473 77772 33481 45031 32340 27236 
2837 13
35309 91512 94003 67662 93926 70238 60348 50938 43769 50798 57761 99704 42141 
9647 -1104029833

868 19
24532 71352 20414 52243 47902 44131 17941 98580 50525 50252 89428 42156 55200 38056 4267 19436 48775 26508 4022 
2590 -511310500

88 20
92257 9925 71517 64710 83567 2478 26920 13921 16584 30039 87879 95943 28074 15842 42841 8235 85299 83687 16004 96717 
2916 -984282736

2876 -1527737032

2119 16
95209 45675 12283 84550 27592 88212 23288 47154 40627 39745 4940 76818 93238 34485 10162 59456 
6211 13
72959 20956 75386 71222 68981 78921 34066 98515 31699 27025 33762 46219 66169 
6076 15
18577 66935 8076 73316 90393 12702 50101 10124 20059 19881 98737 88709 20161 16963 31939 
5227 -1290353636

3998 13
30958 50288 19932 94628 4051 57688 71934 88054 97779 64979 89508 91337 53876 
6977 -226920390

7804 14
10549 40986 65230 42228 71461 30002 72232 90637 51995 50894 79845 30785 3827 55552 
2687 -1579384009

8912 19
36219 9206 5735 53735 31202 11771 61440 51355 23631 24608 57032 74752 48048 37555 69852 33840 67082 76800 51469 
6416 19
92349 45119 10158 52550 57172 15413 5425 10699 20964 99308 16620 31915 66830 95684 56390 81253 47968 90005 74318 
5565 19
4315 56005 51182 79310 77462 5639 91866 72878 48934 68023 95217 14332 3209 64592 29798 66873 70688 39586 70730 
1504 19
89495 53279 27272 73289 60114 6788 33029 48312 55493 5201 87612 81801 76629 36228 10783 25159 95023 12996 39026 
8931 20
44975 73422 46470 5681 56908 78860 19568 95780 30542 85129 9389 68618 14462 48430 99045 14270 73278 51296 64479 79669 
8569 -1155191947

5942 15
28518 16285 38755 7265 75667 97150 13868 36810 46122 4449 9609 84071 62284 71138 6297 
4606 -222574114

7803 17
49077 44789 74195 71749 77821 64949 29809 15174 22727 2896 4527 37021 12753 84449 27483 37234 54908 
907 10
36274 22820 38694 74734 47831 65891 45218 94303 65743 41567 
2990 13
1694 86907 18740 19416 91454 21894 92293 59140 66032 96168 91357 55196 29099 
5065 19
32542 28614 40458 9950 71471 311 6870 20130 3096 69453 75917 99038 63892 77520 71880 28703 62380 89812 99758 
9507 15
47750 61625 22639 76685 37861 426 43700 82357 50520 84733 38469 13243 107 28393 46675 
4395 20
66605 93942 77725 91034 9978 90725 91851 84928 93784 48010 82899 80554 14023 68609 78663 12772 94303 69050 97933 19596 
1137 -1491009896

7729 18
24647 28235 31058 43920 4197 6685 15638 80885 25440 16001 86053 5343 54159 31033 72099 89627 15641 74182 
4669 17
53493 80104 50155 33474 20140 51957 97651 38851 97200 92949 7570 70364 32340 46370 10928 47499 16777 
410 17
86274 75795 10196 16982 88539 51626 62165 2155 2897 47334 80829 65641 58919 41174 36890 78865 97393 
242 -1038942029

5767 -573282750

4609 10
45675 27165 18618 64112 14716 88403 23197 31435 4505 98779 
4509 11
83217 73001 6341 71811 50580 50063 88147 244 1256 5678 95328 
2908 11
20969 46658 56188 41295 34005 59140 84953 82047 50659 56549 9530 
3167 -1069863501

34 15
89682 58167 34868 54026 37051 6351 88521 94768 27800 78776 66243 95869 22903 97750 83619 
733 -768437536

8137 14
92511 79951 61271 99971 93445 50711 57208 45335 17341 4070 17619 56364 23685 376 
2565 14
67723 13699 60170 1357 31243 98444 90677 53394 60023 92265 98761 1581 45078 77450 
2427 -992746128

142 -1873414570

5896 13
35109 50877 1633 60851 25352 6549 53833 25822 96973 42871 5847 91507 88504 
7674 15
80350 13561 85631 99203 33430 83532 38030 40955 92671 96371 96548 34604 22822 23230 48355 
4364 15
21995 61301 70129 34699 24242 83347 15208 94136 36672 34216 95358 7404 30905 33386 48440 
3842 -1466650724

3470 15
20558 98740 83206 73037 46955 33836 78132 77800 56067 88324 41087 72116 20222 44068 23632 
7954 -969025836

5936 -939501006

2520 -1250667877

2537 -856153216

72 -1076480509

4434 -1182899393

7662 10
27790 81018 94080 97709 47131 28245 53145 92383 93983 58105 
4813 -1194960166

2973 18
34945 69762 98433 33853 14497 14362 37616 34494 48717 25017 78862 12163 33642 99807 18578 27393 61101 75883 
3201 11
14868 30259 54824 62462 54403 99450 51060 89925 8566 69498 86729 
9916 15
75779 19396 95010 88744 1394 89381 80348 58820 1929 93644 92092 22530 77432 86729 96141 
7452 -1503468883

8616 11
70430 97818 38923 96194 82814 71062 75987 78358 68422 65752 38917 
7076 11
6424 14181 29780 18364 18119 38997 50088 16937 57314 56881 90988 
7191 14
5609 45325 55252 33140 35312 19977 60405 86154 39828 84098 12118 20961 55622 97099 
4397 -485419378

4014 10
55607 96015 89780 45552 20704 36549 51144 18497 39304 62085 
3771 15
25515 37818 50067 29084 52795 91814 76040 68262 88728 61793 82940 890 36790 17287 84474 
1723 -415886580

963 -2102562442

4177 -778986649

9848 11
38687 31778 66696 59308 50014 78222 19846 50894 19154 87308 25141 
6246 11
68475 47975 35090 12292 28024 77570 33834 9343 52410 72842 49176 
5458 10
21729 22777 98 75330 29942 80526 4456 54394 76266 98801 
5114 12
51753 71274 19101 39537 10816 64125 84008 21348 85069 11071 17830 83395 
7424 -1456982584

407 13
71500 89988 97045 43265 85883 24876 75547 63462 6225 18420 586 67822 80675 
9266 -1596312992

7515 11
32060 77803 32430 61005 13034 63763 1370 35357 5656 85042 27885 
8390 20
70232 32568 42303 48266 60519 49743 87760 1030 90866 56049 52167 83316 17788 27709 65036 18962 9561 93150 90497 44742 
8254 -820794481

5551 20
2017 82686 16393 42531 49872 40140 25876 2528 46752 53504 96884 2612 12935 42489 29773 99068 69726 35382 61909 30948 
2535 16
91013 214 13128 6673 42348 30238 31798 82376 74586 89687 70731 84923 69875 11668 71440 91069 
579 -1438184740

8025 -1432275836

3423 15
76678 33003 62122 39312 39192 82192 48157 27132 88752 58117 26412 25385 4815 75475 84195 
1028 10
48004 46773 88525 98360 77170 4225 92049 44539 60552 6622 
9992 -128892968

5091 17
12683 88734 69124 8330 79615 89906 31388 10382 44496 25414 38037 57384 28866 21570 39856 28304 65945 
6634 16
48981 86293 2045 95224 67365 10566 14480 20397 53104 11963 19258 14221 20489 76078 92692 73348 
2671 -1860846516

1361 -1821771715

5891 11
48017 25350 2756 89445 36973 26637 33983 45755 61238 9692 18676 
8186 10
4106 66406 20166 54686 80745 38853 75208 78862 75246 45298 
3109 10
89613 1094 84480 70931 5398 93747 52392 90908 50905 77712 
354 -801635020

9336 15
31985 4034 50935 14610 18601 7095 66404 89465 76358 77454 95682 18473 70375 98817 69072 
8338 -1784374816

703 -2012353820

6433 -700015354

7822 13
68283 74828 20701 66124 77976 550 51399 48849 70296 15773 45966 75535 86967 
7506 -339910852

9002 -698796112

7833 20
48921 80729 81100 15040 75439 28263 13413 27970 6455 13335 25955 76171 17284 55296 951 65603 77924 82706 28929 96292 
7734 20
95387 92277 95683 76638 73853 108 42257 25989 59922 27975 16254 60539 23806 12479 47672 90738 41152 70372 96541 10068 
7280 15
80899 6392 93565 38742 1658 24479 5116 55355 35081 2535 88372 35778 5917 4380 86327 
5193 15
57071 69331 45002 31968 60938 74255 32326 84756 55715 28848 89721 78377 21798 78706 36532 
897 16
3370 19537 89915 44446 35768 30177 90241 31964 62212 6362 43187 92813 64407 13632 85252 71146 
6185 19
43886 10957 64503 26521 88182 94908 13777 85140 80553 39140 75533 1550 81670 50605 47875 53631 4259 92901 49168 
5088 11
71975 92961 16112 22085 17693 59896 71470 61135 50196 26890 1326 
2783 18
38236 52842 14714 42792 23568 63986 86454 85089 50528 71281 93047 56288 95945 59093 441 76368 17055 7560 
3883 15
81808 44369 73083 97903 33589 48709 52270 51928 42944 24416 73176 45299 99574 60726 22713 
6143 10
85209 7701 31317 24134 13865 92125 9630 30869 80557 5386 
5423 -1299056625

3467 11
28997 56363 90590 36992 89685 4713 48225 35798 78552 8128 7214 
5607 -1497686638

9871 -311240165

3871 16
93037 83757 34264 38562 67022 52692 98821 67314 93465 36057 6198 86380 2283 60672 29774 68647 
3809 -204917023

2019 -694120942

9775 -912624544

5451 10
24619 97843 43091 96027 11394 84604 84441 98744 66624 79931 
4170 18
24690 78045 62164 13380 21707 9654 8546 56800 84045 22287 3723 52006 39584 83717 62841 1918 80354 61321 
2515 -1533324048

310 15
56999 58340 2192 17185 14930 83307 27463 9345 99948 18449 22665 91758 75665 53010 47216 
1181 11
5320 29214 27377 28042 4193 28899 83554 92124 12567 78261 74718 
301 -906576587

9847 20
40102 53569 49572 25360 83320 76930 96190 11764 81346 98774 83562 67470 90236 51583 34886 42249 31148 86436 37905 85170 
8632 10
12150 56100 80526 77491 84600 57931 15455 4011 14281 43668 
8366 17
92987 85671 28568 42380 10967 83581 90808 83744 42059 48329 53228 6347 69000 38146 65423 87384 57116 
6739 -1395092087

4215 17
2736 21730 18783 4969 46303 25445 12790 89433 67456 64071 23126 99574 97864 71012 80542 9327 72899 
1398 10
71515 68616 71375 53546 99371 76576 19404 75665 62751 103 
4058 -1231919641

3684 13
36274 81144 73767 64184 52341 13979 3879 50494 66179 38487 15994 75138 65974 
969 15
11375 16352 3560 94144 29407 6800 51351 77890 36205 64681 38137 24281 90538 7644 4938 
7644 18
43396 26476 71355 59212 89347 97054 43063 69898 62560 11830 14944 22370 79845 7510 86800 37473 51970 14114 
2331 12
99421 67429 47495 77431 7728 99841 78051 95845 35191 82730 79548 86018 
1241 -426351534

9163 -468760538

8965 -381060796

5156 11
2718 32131 71747 62996 60653 49531 52173 14426 93074 90351 92323 
5471 16
65498 60059 92558 62953 69600 90653 31354 54303 85226 33430 64136 70949 24670 67905 14515 44193 
6679 17
65843 32194 80781 31872 78144 67448 27102 29223 65611 82681 47119 35817 83887 72151 36508 25368 55721 
6001 17
73661 21401 15542 9506 95049 18285 2465 51208 16340 23407 79879 79986 93593 50160 49955 68073 44179 
9442 -1687845256

3764 20
51167 83190 60792 85103 69583 56429 71135 95518 6181 86064 75741 60695 26712 89748 84960 69806 33508 6290 76664 4642 
3129 12
17512 30920 90576 97328 80444 48444 43185 12663 89159 1713 18267 82080 
1985 20
21711 53075 17474 61947 55034 21684 79703 44967 75766 36762 12654 85728 46771 50199 52897 15175 71188 21898 72046 77460 
7296 14
49203 79028 9476 11285 77828 51538 41134 33372 23355 32866 2547 36981 54115 12073 
5847 11
64299 22096 72568 9141 22601 17810 42790 75122 21172 7677 13962 
3218 14
97500 37840 95143 59691 5162 1010 52401 23072 46846 86848 23405 55521 84101 65795 
625 -1134901048

337 -822001728

2131 19
39127 40821 96117 58267 57250 32293 28303 63610 30118 96149 83882 5323 4950 49793 98680 60033 35568 99241 70660 
8657 -2097095648

3347 -193668119

83 15
28287 31628 96069 41578 72666 13463 65409 73003 68141 43912 83179 85294 80483 17989 20825 
1630 10
4576 84827 44063 74771 30501 82512 36035 85785 20363 14764 
9200 -1099427881

7499 13
84968 51896 26531 17602 31954 41222 37774 73227 32669 19177 9796 33465 42663 
6396 -1043645238

4977 18
63297 11224 11548 49185 28301 24860 50638 67647 37896 25892 76211 65947 16293 90518 29970 67010 28157 36862 
832 19
86392 98497 29746 26078 76482 42719 89198 3870 4567 54441 4118 53142 17213 12923 1489 44419 85275 75680 29059 
6537 10
47626 33790 17495 34347 49660 16189 31147 89357 93851 62561 
6057 10
16604 23430 30803 82939 98002 72172 92341 63838 58911 67348 
3289 -1613905042

7474 -1886657350

1899 -146856861

8678 12
24193 21770 89380 10741 50886 38243 83628 26285 91413 55365 9158 71282 
9889 13
17833 75653 75279 33093 70722 99860 28851 32305 47077 39701 71030 55108 29752 
2824 13
55254 97295 55607 72587 97960 52131 7772 46614 14508 10632 59793 87607 91273 
6752 -1094522022

3134 -360500086

9064 16
53135 11002 26172 48449 81296 36301 27417 75503 50724 59567 14144 68486 63288 65751 67031 97723 
6349 16
92433 96766 26165 26396 82010 96477 26540 26147 78121 21212 63767 4120 84043 93970 34113 17469 
4148 -1485679630

3412 12
5991 42162 64487 19567 57935 18833 78420 35233 62816 69278 2961 17186 
1557 17
3194 79620 23157 2858 11168 5566 64895 5543 85028 49134 8127 13668 60485 657 24504 69284 23294 
4914 11
156 72650 78860 51134 26633 98086 53581 16410 65108 89836 64661 
9392 -410117496

6378 12
50575 2759 36286 25257 49726 42644 11653 77298 73365 97554 63749 85709 
5983 10
68601 88286 10734 43767 86527 50626 12029 10662 58448 63731 
4660 -1437696672

2350 12
44605 18392 73379 70 79745 92186 31049 20453 60978 36697 36280 19798 
521 16
57801 7326 82837 88648 85149 53166 61408 4233 76673 2254 80393 35549 98259 2059 84559 11261 
319 16
71080 9703 56712 1286 108 55351 44632 75106 65450 13491 29987 61579 12761 3195 30045 2162 
427 -1798804252

7666 -969377980

165 19
70232 77458 56855 28355 37089 6338 82111 76135 81958 78600 57068 71402 78531 77356 91426 51720 33518 88798 29967 
6197 11
25916 60903 442 16441 25315 6879 63095 19843 16497 4942 25777 
1064 -2105621106

678 12
85487 33440 94664 84236 17194 47386 14878 8939 68211 31520 36725 47622 
5999 14
96427 11566 50054 21000 10128 59137 70701 33623 41739 75402 42056 89070 75664 69509 
5438 -1426245121

3915 14
63550 67403 72951 30953 98284 74117 45917 59016 60639 98747 55918 27006 74855 83261 
9534 -2110220644

5202 -1683838152

5761 -720126172

7838 -510543049

6442 17
27191 71791 82710 38770 20785 83160 25017 11660 81761 36183 71284 73213 11172 69280 6299 52025 36383 
8412 13
96599 69818 88384 65076 3224 74206 47400 71832 38169 48935 75065 3302 63364 
3394 13
39436 15939 54203 95135 81118 98924 10310 10938 58482 2863 41598 64967 93786 
1234 -266020944

8843 15
62185 75867 51046 50624 58949 39604 82538 41602 56130 30128 78685 26685 6612 41879 4463 
8281 10
76141 82420 99369 50357 55621 92288 5987 90123 37014 11149 
5634 -1010929945

5590 -902134486

4710 -575421107

1172 10
5986 4972 25746 53813 53936 39355 43743 73560 5600 73063 
8198 16
26204 7524 51113 58483 66286 59495 88933 41823 79594 48942 20928 12267 3079 10738 96298 92622 
4986 16
52927 66917 22541 36753 44980 54419 25224 40099 6363 99737 20097 1414 40128 63605 3255 82988 
7987 12
54411 25794 19943 77014 83873 25691 7106 9875 44951 17843 22739 10682 
1097 10
74675 41182 19570 36934 17246 38974 67248 84461 76006 62296 
124 20
24621 61355 24050 73992 27245 14060 85089 95809 42217 1761 15639 22781 19998 50535 14797 90452 15396 72008 98554 59965 
5849 -381920584

1041 -314299432

8596 -2064656758

6743 -1892049955

1842 11
27023 81506 8019 20617 86868 40130 92422 99442 24906 64327 50234 
9462 10
68769 56908 45433 89891 59697 79665 28848 72503 15540 60482 
6058 10
11413 48352 32647 60127 58942 38426 48289 59758 25449 44844 
8101 -1010815105

4131 -911374496

248 -2115642500

8070 -84761626

9795 20
82816 40005 63213 20885 76529 6194 21612 27957 51869 21198 17117 43506 66744 91990 41804 76716 34002 47305 20434 65418 
7260 10
88076 72479 67454 44236 64404 79268 28791 37186 28277 62922 
6665 15
94640 35658 78328 60207 88816 50515 21582 31325 96148 67942 14148 49364 20270 15422 90309 
6446 -1896979810

5393 12
91217 59661 10718 35666 47244 18262 60745 89816 51966 8062 51831 66121 
3370 -337920034

6346 11
67514 84554 86457 10844 33365 53784 80243 30385 31839 86061 39747 
9305 12
13544 67681 94107 8333 90253 82515 95658 20930 44751 61850 59824 62607 
1923 -2044410147

1226 -1815559204

613 -1516280656

5712 11
79116 5529 44794 77170 3449 38714 65409 32655 23199 57198 26306 
8839 -349658094

5374 -1646355748

4011 16
56544 17556 27377 93247 91863 62780 27333 91367 45199 64750 19886 71497 25444 95834 84344 37512 
4100 12
51164 35103 29972 61020 73240 18669 80240 68742 18176 44205 87147 74854 
107 14
79550 48205 321 13672 92509 52031 18315 11429 82899 33607 2626 50847 61850 11806 
9671 11
32937 76265 18246 12328 55891 78821 68750 77785 92380 27758 90304 
6237 -495357898

984 18
5364 20155 38364 55512 64584 3149 10131 98443 62866 3243 78657 26821 43392 43599 29093 73305 67207 99627 
8841 13
72659 84550 36520 68411 51934 56422 90949 85002 33631 9894 17203 60487 20256 
8649 13
33636 62417 61716 68823 26555 89832 30396 89830 25295 94712 81110 53719 45589 
6340 13
8151 60207 13455 46063 60749 94994 83042 4957 53228 9906 35977 60536 56010 
5785 -1349996317

2778 16
53630 5212 64301 10732 12271 6688 13424 95289 7237 11107 75312 92159 5981 61039 66600 95839 
5437 19
58359 29133 84137 62156 75118 39244 78972 63416 94845 40517 90727 10326 36537 70941 99313 46209 49865 37541 19419 
9850 11
38706 48557 40658 92769 94545 37533 47762 51073 334 85252 49905 
8309 -815085328

3190 11
77446 22820 44637 87931 69330 89532 58233 81909 66225 92758 34229 
2830 -1188489391

645 -344864524

7755 11
54764 8084 55723 41405 33371 19806 60014 64581 8982 36466 10059 
4160 11
82157 57938 55481 97538 45332 97979 49384 87595 2923 33134 52496 
4030 11
79414 56908 82056 86330 77577 16822 79646 40679 29839 91076 75412 
7290 -1260124750

7512 -1020548096

7500 -563855317

4677 15
60333 43563 44563 5862 72469 96475 28087 89654 13292 21688 71682 53479 86628 12029 98754 
1002 -1523519946

5811 18
85320 74557 27102 6893 35642 45346 50897 25826 17872 73954 99537 13126 74209 1668 30850 72936 97719 72787 
5465 12
93477 96489 71758 19351 98642 35703 32846 51954 15842 61574 7394 78779 
2470 -1332026917

6529 11
89299 76650 30945 40731 82118 18104 58745 18120 99057 86200 77669 
4696 11
12829 54663 77041 34933 88240 99763 83870 22119 71248 13021 51178 
3101 -779569823

6251 -1287976754

498 15
75135 77897 72849 38688 11241 90223 85390 4651 55274 80075 74383 14276 84687 95302 64733 
599 19
65840 77874 84613 56373 86730 12746 11155 89722 2772 70241 78333 95277 91700 23800 20019 25834 77534 87674 87928 
4343 -544782446

7045 -982934110

9208 12
34691 60684 23102 83127 68199 76851 91296 39015 497 99956 88985 28476 
8796 -848254320

2508 -1222207277

9429 15
43984 21221 13900 66779 90446 43772 7413 88304 45939 78376 59323 88954 73726 56724 70552 
3265 -1329433776

4067 11
47766 67754 89745 60634 67211 33250 39419 53144 91082 80449 95975 
2365 12
34759 88611 90331 86580 11106 92877 711 97762 58568 59144 65862 82901 
3623 -1516807498

7713 -989242666

4398 16
29918 91995 59630 92429 75088 79383 6175 65777 59341 72267 1839 29501 58223 37258 81038 68863 
5285 15
2419 88880 33018 41032 66260 64457 67607 26087 669 31780 71759 84286 39323 17578 83059 
3050 15
7507 17096 20053 89911 80440 31709 57053 55851 41617 50044 77035 63291 69020 14042 20139 
2923 -2003405788

5968 11
34276 45326 15547 53808 17157 25980 92878 19106 52656 72515 24225 
2183 -1065718208

3636 10
94668 63062 9364 81316 14751 39915 72420 84031 95055 80483 
2672 -930086528

2509 -795580672

8488 -1979520544

9625 -1947760852

6821 20
34765 13254 40424 1631 64475 6120 40734 65710 47392 99232 53296 74059 38721 85849 36401 82842 95339 30421 2614 93884 
4473 20
42415 4317 53865 73746 26005 6122 81713 50259 71325 49167 23389 95684 43064 18569 91984 51623 80782 50710 62394 77021 
4359 -1558015600

1139 -1257191964

1033 10
22592 66969 1227 35570 59925 32089 54274 35336 20678 80585 
4001 16
13030 21650 77141 90042 65591 79390 31140 8528 97667 51954 19280 81051 13888 89416 29890 45852 
3678 17
10529 79816 7032 74726 76329 59509 21110 78677 62688 47403 61464 29646 85429 82683 89351 63738 53732 
8259 -2065049616

7462 14
42276 2181 20559 88593 40006 48573 21703 40274 33266 87495 66035 78618 90555 89794 
6374 14
90465 1683 1633 19661 82233 74859 3336 18203 46438 73713 61458 29970 39290 96364 
5475 -1560346582

3955 16
87897 21941 21980 96437 76480 13169 6022 48803 88248 62354 77965 63838 9607 38251 20670 48400 
293 -1475021440

9667 15
13401 59887 70655 54762 90180 36504 43833 16180 40011 66302 56222 94791 20501 66630 50609 
6188 15
83244 1470 63904 6076 21435 22434 82998 53838 45607 37085 40909 31166 35967 81763 98498 
5692 -1982931856

1840 11
21464 63096 18197 67353 54509 77428 40971 96291 61037 31430 42465 
1952 14
12985 71355 91043 43701 57365 31511 33240 63474 61733 90973 42604 80224 96773 41925 
3211 -1660677176

9193 12
57728 66708 53114 21708 1468 71885 75042 62307 73559 29690 66783 85506 
8255 12
49042 94380 7886 26522 2022 2880 35282 77426 52136 79527 98629 19779 
7468 12
37412 6968 82111 71658 85876 33073 68262 26244 44624 96293 13598 67830 
6209 -1711954666

6924 -1556114816

3597 20
40462 30212 95110 43268 15572 44464 11413 10118 37962 76133 90138 43181 26650 84345 90342 82493 12667 73670 55285 59146 
2867 10
27941 39822 59948 57575 98640 22326 44376 76808 12572 56321 
1478 20
29736 81910 56764 95287 31959 59763 21990 29280 16091 11030 70272 40915 94114 89956 99281 44076 3165 94760 16541 88154 
1269 13
88351 83339 43551 83487 16327 69219 42034 65460 21019 84144 65737 31493 7718 
6763 17
75245 31959 41581 36512 91995 77733 47378 91707 50751 40343 34547 84762 79299 33409 65348 39160 50338 
2293 14
98604 92725 43317 56425 8227 61028 34447 73439 89524 45466 9744 66863 61567 88376 
1924 12
96748 21520 84775 51494 43103 27490 83603 14053 97887 18224 25447 93873 
576 12
27135 96841 61498 58222 39389 35371 16664 30843 68442 22253 35571 47697 
9773 -1658983848

905 11
33693 47661 66607 89978 27684 36370 41493 51349 49717 94250 17697 
3186 18
15050 60091 64921 68807 31037 33520 37262 25812 11697 12675 5550 12170 15814 96963 9898 63734 4252 13938 
9676 14
93929 92518 68280 43234 70745 14601 24519 24654 14940 52718 16635 94138 96170 89472 
6830 12
72561 14016 32399 71662 32837 54113 30528 85319 25155 41918 7267 64853 
4899 -2113251331

4472 12
11639 22 68847 35070 77229 24982 44076 74212 96709 91501 6311 13360 
1676 15
99340 97222 64768 71950 48718 80095 26087 76968 47734 63290 18676 14419 54584 30131 84112 
9643 13
89827 20495 46820 80901 63647 77608 9887 10389 7922 74217 38126 52650 41542 
6538 10
63790 78623 14933 46525 80291 14029 11118 8287 70242 44112 
5640 12
9164 61560 72413 22465 99638 23579 466 32527 63281 32475 20267 60344 
2743 12
26435 5732 89395 5936 36887 8141 21263 57184 31334 23235 27303 61905 
270 12
97247 97589 33876 75116 83779 89072 20521 68709 95657 99707 53802 73124 
8890 14
36749 63102 6725 5858 26620 15643 98464 79810 42631 29939 14151 30752 3650 96640 
5275 11
20378 9625 20814 86193 25720 84575 75607 70236 55123 10279 31676 
3607 -2058725308

1742 14
94839 14368 17314 33803 31796 57061 84870 56059 80433 41731 94946 49286 55744 58461 
1086 -1809888088

9748 16
38008 60608 84258 99689 60313 4737 27627 44145 99759 42285 43852 31566 22155 38506 16366 66583 
5 16
48874 90613 30091 70553 47081 98759 14459 86009 31929 83777 62891 41431 34776 32713 85820 69906 
8521 -1988114386

2595 20
68600 24051 74434 65394 6211 14294 53077 47277 7402 43589 89403 20237 37988 99774 85163 21527 32210 58789 56102 4574 
9463 13
43157 30440 69491 12448 71472 42681 77451 21219 20179 33674 29093 5247 4551 
6536 13
91558 42673 66779 35677 32258 19140 39187 13986 63845 24902 87480 87706 98272 
8232 -2129218816

8008 18
71377 50829 23597 61943 33914 37017 35381 18070 78600 3839 38386 93520 86370 765 69382 47538 78634 69813 
7770 18
24312 82906 86072 41381 26233 79058 91932 45775 8627 36542 81669 18641 99518 47936 85119 67958 21420 88979 
6418 19
14997 77682 22844 79744 82879 91998 96150 57577 75744 3708 39035 4176 71901 55251 7124 81382 99717 36770 55802 
5926 15
35943 78192 78639 69838 40395 86784 52752 97132 71833 33209 87561 66234 34786 18542 59526 
4231 -1685557952

3626 18
48568 12872 88247 93048 35013 43673 83171 93140 18769 64512 71046 51156 97070 36207 60051 44095 71871 47103 
6793 -1754092232

3243 16
90145 88483 86477 95605 87999 91479 36187 85091 36767 23264 85995 22446 20909 30365 81520 22565 
7337 11
54175 16969 25456 20821 74817 15734 91868 60899 55200 75684 85797 
7254 13
52026 51035 31243 57522 28004 43247 77930 74818 63468 83177 41589 45426 93710 
6899 13
95073 51050 94621 10095 83721 85338 7382 66671 56318 85529 14246 36977 66595 
4273 12
67891 50238 19273 75342 13573 9899 7493 42295 67823 55802 25865 73157 
6612 17
61274 26840 51976 22393 3698 11996 90289 91424 64075 60509 63998 41036 56585 56700 21810 1584 53430 
5172 20
51447 57499 4624 78612 70466 52269 6742 17102 52564 57587 40985 22553 863 71104 45727 8430 24432 67828 5955 32583 
3437 10
33324 34182 77581 68876 28689 60974 40649 4850 27826 95139 
3256 10
81963 78985 18521 87011 15906 21687 40079 74396 35741 28564 
3072 10
16693 35609 37035 59048 51870 78954 51446 26069 11517 95037 
451 10
55199 66191 78636 94095 15297 46950 87307 62222 15961 55813 
7650 11
3584 2927 93619 59307 77217 98815 62493 24415 98014 9657 27528 
5520 11
11637 21824 16159 64352 58014 15998 69650 51691 93201 64278 84422 
8809 -1971597987

8093 18
89863 53286 34533 70998 84931 1934 15847 3141 17236 5675 11320 97945 22993 46747 93112 39976 35669 18541 
2354 18
83836 34592 13855 85588 98489 40503 36553 88758 95568 44082 64925 17389 84102 94728 10055 18980 43350 48364 
7042 19
60582 42074 72464 37687 49221 64879 38712 77640 24343 10231 94727 18110 79123 87349 18938 1911 92896 27467 69648 
1420 19
76512 27803 26410 18028 72371 28783 88102 74425 89894 20791 11526 24206 24401 46426 80524 39276 82035 1597 84686 
4884 10
77238 55045 38460 97829 26790 12499 65210 3080 55133 9434 
3174 11
97211 23790 40849 55243 19332 15100 76063 46174 51774 99106 72204 
3352 12
70537 51576 88278 6699 94067 61459 94089 8964 16546 86334 86456 60306 
2991 -1955095636

1743 20
65475 29366 24269 20821 94296 50750 23621 23004 11480 12591 89597 50948 87627 76602 9692 68503 34912 12481 80002 24247 
3331 13
69768 65361 96228 47058 33693 10894 82845 37966 22790 34050 13829 87848 54908 
604 13
53894 29140 79703 58896 46407 32057 80612 76134 18628 99172 76575 19444 16250 
559 13
7190 36910 70353 45994 87584 3448 50412 84609 19849 9269 56575 5788 47217 
4213 16
94775 84254 24738 77531 94145 28342 79678 26825 30834 66911 9895 46208 20152 47974 29636 16057 
5846 11
40819 82717 22096 22104 55917 7826 51321 52695 75518 96247 86810 
1046 11
46590 90429 3777 79786 32405 18801 89745 24836 51995 27894 82979 
7090 12
71745 28481 30731 8248 86108 63136 74670 52946 44533 77435 90273 44347 
5292 15
30212 55383 89811 35718 63012 6050 10177 79406 18357 68171 47875 8503 94883 56218 70906 
5200 16
739 17045 73487 16919 38119 46191 66843 3784 60888 98368 90506 28276 60617 58521 59035 60677 
5171 -2064279144

1813 -2122329131

1538 -2118613284

417 20
1989 6910 94957 53611 54617 35858 275 15324 96586 66048 10368 24763 99685 93582 60189 47041 23860 42052 67351 95889 
5630 14
15318 9807 76596 69505 32621 41158 71499 81208 42676 3638 20951 41045 14840 6924 
5252 12
22191 69887 57648 93958 43213 13382 58442 61595 39537 18168 83512 72222 
4068 14
72005 57186 46190 73470 64187 19220 53856 53021 24237 75385 93308 25918 48269 79609 
1316 18
2024 8399 54062 76036 40854 47191 91966 42573 31724 11195 53426 67807 9602 16101 27652 88579 39821 16199 
4374 19
77843 86257 46345 83665 14610 8107 35776 7662 2140 23023 84396 82383 36125 32556 91289 21304 65200 5748 76539 
811 19
94207 7006 87847 13093 66814 43056 25691 33777 60123 32257 58470 87977 36628 18871 84120 50881 19254 11148 68738 
783 19
41389 49971 593 99401 80409 50900 32306 89896 63943 68715 92020 99706 2958 18165 14838 67862 55062 85759 42106 
1584 17
80641 55911 51502 39082 13976 20516 67789 75917 21771 11055 35610 87744 92745 95584 91937 41634 30631 
237 13
48154 91842 88352 73477 67478 86725 31849 80910 82791 7343 12804 95786 62161 
3770 11
53279 1417 89225 72181 20648 7000 23914 26049 85612 41469 21062 
3962 13
57824 83948 29084 25172 74529 62747 80896 20353 72827 20584 84159 97899 65945 
1527 11
69907 35749 87633 69549 57432 77085 61821 56456 77534 27382 78014 
9641 15
95066 91498 13853 90634 39752 56583 85065 52231 46240 77591 91071 79482 78078 22138 79147 
2776 15
29441 93717 21246 78989 59690 6571 12399 12978 50711 85673 51496 20680 39135 18378 45737 
3249 12
1549 41500 18043 32287 65414 43979 15034 71565 40332 3663 88941 75883 
4082 10
48890 15559 58426 97931 38079 23389 51277 4793 88085 90261 
1846 14
18047 88545 45443 1576 46687 96310 90456 68503 48915 96807 33501 71831 76664 59613 
5267 13
49017 75161 92067 83759 29287 71531 33916 16034 41858 63954 96472 73352 73395 
5175 13
34740 886 70139 29872 12890 62499 81030 74994 51604 31419 57263 6659 15654 
7899 12
66347 87502 81515 8119 84878 1187 17954 66203 37822 5052 43562 45542 
6464 18
78557 73781 58880 71231 73743 49221 42483 37271 70117 7568 84763 66338 51166 88610 42093 7421 19163 8972 
5179 12
90694 21367 63971 51946 92395 53451 19886 17049 37816 19435 56178 42878 
4201 12
81159 479 39389 93801 86555 10444 26927 81993 98822 5013 58652 64755 
7594 14
70307 10648 29280 72978 75342 74153 37384 18157 85279 84674 48297 66250 89472 68793 
4661 14
17597 72713 21867 81257 24216 81821 13396 84872 42756 10589 97597 429 3276 51616 
3564 16
77305 1094 59508 5687 67647 85539 22124 50257 92079 62024 73121 83454 90183 82267 61102 45590 
2121 10
57567 90130 70619 66663 82022 95662 69010 59729 9257 79764 
320 10
33873 2459 39993 49966 38859 12364 17918 76245 41305 338 
8227 11
98057 27268 37691 37562 34154 15680 37490 60280 23534 88068 27711 
3235 11
49620 73072 43831 15602 1888 59134 53556 2687 56469 92748 50559 
1224 11
40119 56486 45202 23191 61704 7351 70091 46850 16614 625 70152 
383 15
4838 88866 94394 94186 69734 91316 32051 92070 54707 23838 928 82241 20909 67988 4887 
5113 18
40419 63919 27943 83827 9777 26368 96410 87593 26672 92685 69790 70484 14354 81601 21533 4515 10913 69974 
5427 14
25335 48764 78939 92912 33340 16191 60495 95337 75811 28677 37203 70834 13678 96387 
5340 13
99852 32801 32426 13309 24410 11811 79681 77868 44919 36370 39074 20765 82085 
4951 20
60464 83976 54317 96872 60946 68640 17168 17051 47056 80866 4648 94786 99435 84586 28703 9077 81802 97325 58531 79988 
1133 20
89093 48670 67618 35861 41188 21741 20708 87020 41625 20269 4635 80544 50898 23940 6023 84375 23045 24559 22869 28103 
553 13
85293 24031 41198 4588 94079 99737 17475 92964 68602 11263 86338 47859 14976 
7505 12
57552 68357 67902 41195 11782 26447 37790 30327 35073 14061 52704 56146 
2126 19
91307 15433 24695 2994 83515 37437 39045 39158 5152 33272 46775 80042 18221 79908 75921 92653 6266 16653 14772 
673 19
73053 37068 58881 17215 46508 72520 50079 96349 29444 44256 93437 59134 42583 92933 97092 20178 4694 74144 65306 
5897 11
73997 68134 79355 42466 5335 8182 57497 49761 46241 92526 76659 
8951 10
42317 14094 39877 6716 9708 20901 84563 65174 41158 76806 
2467 14
70304 27827 85154 61611 88573 55542 59639 31267 18572 5245 85069 23946 79469 79900 
4009 17
68550 23720 11151 46566 81097 470 12842 50902 48518 94004 10299 19945 22849 6223 12036 88274 27711 
4735 11
48100 43634 2503 20641 99949 81961 15065 76782 85302 99664 42006 
9543 10
16300 52330 44427 33083 79223 82555 61793 16737 2995 66348 
6355 16
97645 41965 33872 70258 20133 84084 65387 94618 50907 17030 62766 56480 31177 44783 10185 91485 
2115 20
57393 56546 631 52372 56731 70698 30329 99970 67550 40196 44940 50089 82299 3811 72783 62652 36470 54155 99988 28285 
814 20
41032 23036 55991 74620 46466 84848 52641 17022 94732 93376 54707 50581 84488 75362 49076 63855 36942 97902 5977 93737 
2366 15
77114 65455 49331 1973 51078 60684 39807 1659 49368 15075 93864 78503 31925 6938 90125 
2265 15
88338 46964 19445 2187 84763 21588 40925 61153 81633 79075 91725 67068 26519 79060 70665 
3199 13
31616 50556 39943 55105 30461 52228 88395 11593 2875 68187 34905 98845 47618 
7084 12
16320 25638 25547 39056 47433 38327 29223 55157 93825 70667 50476 38219 
1689 12
25335 14729 44913 44785 95323 38963 54325 61250 23847 80118 4980 93148 
2614 10
99384 88518 40388 15457 15353 87271 25308 77377 57051 23991 
1824 17
18005 15316 72932 65226 8572 30186 63962 46666 80885 33502 22845 29019 59120 81351 24816 93300 60722 
2268 18
16134 82754 38861 16826 53492 30371 46685 17071 99746 45035 35862 78188 49584 86866 7877 46809 37530 18519 
339 18
55575 72357 17915 46187 86688 37593 13498 52082 34201 19998 36061 42160 43697 69372 88088 79228 27942 77635 
7496 16
31034 28470 89302 15189 65539 42372 18581 83511 72242 79063 42525 11057 1708 41918 19343 32602 
6992 13
36392 11808 41507 76198 18627 78207 57291 19916 93173 65452 19422 22059 38949 
4676 13
11921 50741 19836 52453 48092 44846 90023 32880 59718 12589 58308 52489 51827 
1238 11
9767 86326 63395 3796 96974 89583 46884 87794 40087 78135 6089 
5873 20
51111 42960 71845 52916 49162 80581 64148 25664 54746 72106 10884 31494 34432 30683 68214 76811 97334 11228 45383 26816 
5281 15
85487 29553 10224 60825 86086 53940 33046 92374 22276 85547 14677 30916 5775 99717 3255 
1507 15
96383 62551 44935 23003 54791 45804 14531 21198 70437 90475 84089 9953 30098 63316 958 
8303 10
74081 75871 65494 15817 34574 86922 97887 38797 10372 99530 
4169 10
55050 57287 26594 98684 5064 28697 440 56482 11041 70815 
1048 17
51088 48944 42369 2777 9323 80509 35936 93924 87605 2719 98940 26530 94677 73942 36777 46095 40363 
9506 18
61131 32320 91177 53947 73605 13325 54080 28035 82657 2253 55571 95401 73120 64272 48747 33125 52150 24168 
7846 13
72941 29058 61950 73521 810 1542 93122 92497 72588 73347 46209 6579 51674 
6940 18
13098 69993 27468 24199 57710 73925 39870 85883 42102 79244 9446 6553 26739 58983 59466 89434 39164 60078 
6891 12
45402 2323 88505 75143 56573 6461 9451 20928 43761 21649 9329 14699 
6218 16
28704 99660 71790 9772 18018 21458 11167 26004 97296 70536 66609 93996 36207 78879 52549 90010 
1707 13
22165 49920 31228 60513 4496 24638 71709 77047 77883 49110 16890 23566 99351 
4381 20
21975 38669 40460 18215 75947 3505 1852 49126 46161 24950 38524 81256 47841 58217 4894 89736 1734 31979 50195 54841 
932 10
60252 1991 52318 46854 2909 66390 50284 75396 74371 57116 
7890 12
82199 59289 34534 43458 88428 62095 37912 24317 98796 98320 33870 30387 
3328 13
66257 60333 26713 68887 70920 47850 26667 12262 67785 57902 80203 16127 7347 
9517 15
24720 97001 52964 64422 61144 58949 51558 91100 76115 97254 88018 25943 36928 41155 65632 
4463 18
28195 7858 47964 39388 25685 87340 25398 53413 49953 83013 45282 829 32644 79233 90453 93378 33779 47407 
2675 14
61797 82203 6623 76632 75092 17293 20859 50380 27564 928 87522 38806 20321 91568 
1176 14
17553 92171 91262 7382 91541 85015 58895 35942 46632 57842 84570 38649 63336 80163 
1907 11
20878 48874 51976 46720 32833 60202 23642 17083 99838 80149 87661 
9881 12
29777 11404 56079 79701 94920 58411 82411 81295 28300 99172 69561 77283 
6572 12
64810 83249 59309 54443 28378 43279 37887 58485 75962 79617 42542 30560 
3916 12
99473 86408 90732 93158 88137 38239 87022 48830 28715 11667 44883 73905 
9153 13
89006 81046 18060 30877 22242 34572 12224 2358 33731 16077 90720 15634 91461 
4750 20
54443 58125 83605 96351 27589 65542 37091 59189 38488 12153 20032 37214 36626 68822 33987 89323 5762 88763 42356 71773 
3307 19
60928 23112 62701 61555 95164 3028 29291 80457 25869 44376 40813 53292 74641 43229 91693 19159 24629 68951 24765 
2664 19
52093 54995 84514 69525 70202 65434 57718 47150 73448 47589 80596 57976 96111 31295 73485 91693 60287 30059 39531 
1807 20
99187 7847 92886 74681 89163 86753 77216 55560 8010 39933 93474 63275 97929 94259 60598 88738 48294 88360 49334 90073 
664 10
5931 82544 97843 73122 53792 55136 8756 63781 19978 46568 
71 11
70663 85486 74881 6349 48167 65594 39726 75600 62816 40430 75318 
7736 16
90159 29918 56439 99773 94907 51154 69643 7897 77480 63164 85917 1616 32385 13898 17270 16771 
2049 17
8173 58646 3273 98753 8094 35266 22890 32306 13156 49714 9086 60204 13521 75571 8782 79668 20983 
3065 15
27791 36925 88681 46943 57679 61023 9538 13897 57157 57986 78668 54699 72236 18806 67243 
2151 15
61360 67340 12005 42867 32336 21836 57231 89199 94655 81858 90935 43102 18408 66458 27306 
7069 18
27194 44616 37184 81575 4897 52947 93345 85412 81860 21644 26031 16123 50545 81377 16197 35160 89369 46676 
8193 10
66450 25115 16017 1852 37120 43582 41233 55811 5237 62098 
7885 13
32172 53334 16233 79056 97464 40268 90343 54360 94558 52488 48490 42446 30337 
1360 13
65475 34939 75510 16401 55306 48303 13682 66993 99570 74506 9139 20601 84443 
201 14
36432 22782 41939 71461 45238 55418 16015 71506 97865 43702 59402 37292 10122 9003 
9963 19
54749 66242 13534 51392 11101 74257 13159 43895 55717 32448 23537 34741 1914 27003 99824 3471 35723 9928 47722 
6423 19
16915 6832 18339 40246 95350 95909 60935 7116 51462 64766 77451 59936 10228 83681 23991 28524 9657 92164 29438 
5269 19
27223 38405 26048 5257 7929 39365 86823 9236 50139 24854 55893 61193 66959 41417 32970 34903 79595 84148 63780 
6468 20
33024 70998 45359 52653 12308 38772 39842 6743 5418 29476 93445 60710 84678 2730 85490 43956 3664 15038 81275 68680 
2714 15
88095 16027 243 38324 20559 30171 61915 26672 18199 88007 77069 4870 1865 60652 52974 
656 12
53488 65486 79955 1859 41713 6519 78048 72462 84733 4613 58936 79008 
1844 17
95886 84941 6335 67733 28593 32769 92028 98585 47525 3226 20577 82730 22883 69508 67700 54363 19179 
4667 11
89879 60890 71524 10076 55608 13365 17554 90290 77300 13143 91153 
3536 11
84469 26612 2153 91468 94519 7099 78188 63716 30838 82930 25393 
1475 11
4597 72781 44559 90447 86472 73586 65092 45883 99146 75612 27977 
5654 18
58774 55252 49319 47669 3479 26060 89846 13720 26456 83268 59164 42559 80070 87670 3565 10907 8560 94010 
9048 12
81440 69244 76152 24196 87990 91713 72848 41335 51399 76919 9139 41045 
8876 12
39515 14071 9214 68047 58226 22307 22853 42385 64164 18218 22160 17359 
7144 14
14823 49510 24640 18744 37322 5314 5652 10946 33668 24144 31277 1796 15389 2316 
6285 15
10892 26159 96251 10521 50044 41241 94245 93151 14578 86520 62169 24073 32485 86974 83809 
3418 15
19757 8222 92780 21134 78891 98243 4314 39322 12207 65342 67750 37794 96870 28143 48325 
2317 15
20878 87402 65696 82056 38890 66434 85883 10806 70890 41224 32673 75328 15438 60074 61382 
4719 11
84992 31654 77935 19413 84150 63976 24329 38691 49661 75262 91482 
2585 16
6786 34582 18339 11139 67056 1673 6193 17454 33351 13156 66719 89694 26261 2636 9928 98609 
1417 11
70597 5296 68414 57554 71834 76016 65627 48142 89133 1736 95129 
1499 13
87742 48559 43493 49634 4927 68796 21391 61651 42547 62500 8360 25111 47232 
5104 10
61992 89429 26058 78500 15796 37333 88839 83748 75484 64858 
2544 10
17663 58985 59519 68213 64936 49617 43933 61523 37345 33659 
7977 18
73858 1113 98237 63465 8250 9618 95919 22995 52968 60431 58806 81155 8182 13108 16514 18676 85101 57517 
5095 16
17113 95402 42635 10740 2442 9341 73565 35594 35743 72588 34202 57603 23429 49580 74182 54888 
4582 16
52467 79193 88897 60147 82478 36441 29228 67075 34486 23834 93482 25238 28841 86592 78386 98085 
4367 16
21917 17724 83811 27337 8973 83027 16329 55056 17410 44992 69318 72896 65627 92503 87161 62775 
682 16
6927 88473 45690 47847 32681 57490 93357 90207 68424 33000 75338 67458 3557 84194 97980 44613 
5142 12
89850 85622 72067 21438 72353 56963 94670 25283 94091 84764 38870 98935 
9250 14
64333 91350 85035 44363 81473 22362 56990 26902 40283 47229 50572 401 36413 13243 
3234 14
23146 68210 33474 36246 78255 83097 56990 93421 7000 33830 22305 63563 16414 82700 
196 10
66180 49095 90527 21560 83139 33435 22238 89215 5115 13141 
6769 18
99340 94055 27316 32405 71709 45981 90677 23487 72603 87382 7510 17968 14492 45307 43023 57011 42007 26607 
6239 18
81944 59596 50373 26885 57560 635 27871 94511 77607 16312 31844 72953 50310 79224 40704 45378 10636 36532 
5585 18
52702 21281 96805 22256 21611 3807 88662 74742 19380 32575 7655 48826 54001 8062 47944 72826 7109 82005 
4604 13
82423 12035 96775 63847 97600 66708 2724 98772 43924 39649 41997 15376 5038 
3859 15
13583 30049 53180 84076 67860 90034 40901 67990 61686 22248 50188 51337 24656 76163 17275 
8123 12
22643 31283 81466 4397 4213 25291 43034 42488 26240 30748 20601 94174 
1922 16
28272 66594 78341 46302 47480 33006 83563 13471 10999 65637 56722 93974 72825 26616 61330 12422 
8420 11
35923 19619 54571 10560 18774 24685 72041 1594 59372 48734 80426 
9482 10
15488 24971 22331 86026 3452 18846 57440 10665 6965 17836 
5317 10
64764 63086 22543 76391 82990 3624 8016 15637 64468 77394 
2264 10
16590 37503 72784 41707 38533 94828 49431 14017 30429 50153 
9106 17
44677 66450 97799 11562 1528 62637 16225 38499 33723 7416 15789 44468 88686 86033 37095 55477 62653 
1014 17
62913 33578 74625 67950 21950 76791 30283 55274 41197 19587 77146 7927 27325 74634 65429 46274 37599 
8410 14
7464 36434 8778 14333 41204 43529 59705 9937 19851 57785 8529 20924 14717 97218 
6291 14
40227 31284 39249 83867 8733 76614 11669 43146 41526 86420 25589 61369 74083 52924 
1778 14
8363 18335 44766 98875 51003 37771 18685 68698 57572 51298 7926 71627 14180 97633 
6084 19
49700 80020 41715 91466 40142 69840 81346 83085 81884 21830 70603 37595 29120 5947 24662 75328 34816 26978 82735 
6023 13
92097 27053 7563 61444 94561 82460 33275 99298 21768 60407 64872 65630 90994 
8270 10
21370 40546 85662 23466 37342 60232 31885 81967 15029 19060 
4430 20
44228 62452 81339 52219 68883 36836 55012 37464 1557 14462 11400 92534 12679 37523 3216 58755 80658 73238 80369 93730 
3559 10
5616 21422 76341 42400 6664 29299 75645 80983 71514 19531 
1500 15
65605 28932 42562 91043 14209 43054 82465 8147 19342 14421 68817 88956 9293 40574 75446 
73 11
82289 20938 78262 61346 92750 76043 69928 88601 30379 79103 22148 
8534 13
84520 37898 93623 17498 84302 57696 80071 74239 86509 77373 33987 29668 88065 
5736 13
34072 6524 95208 6920 99003 20135 90598 5729 22150 55280 32846 47874 66362 
5254 17
86005 19128 12758 7143 3033 77475 56441 56823 36272 41281 16734 28576 54325 56542 37471 14429 76406 
2058 13
32764 85397 9370 20315 58545 36073 80998 19708 37058 96608 89966 65925 51763 
5922 10
76302 70321 16505 92908 75144 67479 49107 6071 73061 20615 
8469 12
44776 90160 39953 8638 78166 88438 24901 37793 75818 13441 22699 33410 
5512 12
11891 86506 64387 18216 20329 25376 56384 4579 99955 29375 33634 87074 
